Data,Último,Abertura,Máxima,Mínima,Variação
27.12.1979,"1,2276","1,2276","1,2276","1,2276","-0,99%"
28.12.1979,"1,2484","1,2484","1,2484","1,2484","1,69%"
31.12.1979,"1,2508","1,2508","1,2508","1,2508","0,19%"
02.01.1980,"1,2477","1,2477","1,2477","1,2477","-0,25%"
03.01.1980,"1,2516","1,2516","1,2516","1,2516","0,31%"
04.01.1980,"1,2487","1,2487","1,2487","1,2487","-0,23%"
07.01.1980,"1,2529","1,2529","1,2529","1,2529","0,34%"
08.01.1980,"1,2508","1,2508","1,2508","1,2508","-0,17%"
09.01.1980,"1,2450","1,2450","1,2450","1,2450","-0,46%"
10.01.1980,"1,2429","1,2429","1,2429","1,2429","-0,17%"
11.01.1980,"1,2416","1,2416","1,2416","1,2416","-0,10%"
14.01.1980,"1,2436","1,2436","1,2436","1,2436","0,16%"
15.01.1980,"1,2327","1,2327","1,2327","1,2327","-0,88%"
16.01.1980,"1,2300","1,2300","1,2300","1,2300","-0,22%"
17.01.1980,"1,2385","1,2385","1,2385","1,2385","0,69%"
18.01.1980,"1,2365","1,2365","1,2365","1,2365","-0,16%"
21.01.1980,"1,2289","1,2289","1,2289","1,2289","-0,61%"
22.01.1980,"1,2275","1,2275","1,2275","1,2275","-0,11%"
23.01.1980,"1,2296","1,2296","1,2296","1,2296","0,17%"
24.01.1980,"1,2063","1,2063","1,2063","1,2063","-1,89%"
25.01.1980,"1,2206","1,2206","1,2206","1,2206","1,19%"
28.01.1980,"1,2176","1,2176","1,2176","1,2176","-0,25%"
29.01.1980,"1,2227","1,2227","1,2227","1,2227","0,42%"
30.01.1980,"1,2230","1,2230","1,2230","1,2230","0,02%"
31.01.1980,"1,2215","1,2215","1,2215","1,2215","-0,12%"
01.02.1980,"1,2186","1,2186","1,2186","1,2186","-0,24%"
04.02.1980,"1,2249","1,2249","1,2249","1,2249","0,52%"
05.02.1980,"1,2244","1,2244","1,2244","1,2244","-0,04%"
06.02.1980,"1,2300","1,2300","1,2300","1,2300","0,46%"
07.02.1980,"1,2233","1,2233","1,2233","1,2233","-0,54%"
08.02.1980,"1,2224","1,2224","1,2224","1,2224","-0,07%"
11.02.1980,"1,2241","1,2241","1,2241","1,2241","0,14%"
12.02.1980,"1,2208","1,2208","1,2208","1,2208","-0,27%"
13.02.1980,"1,2233","1,2233","1,2233","1,2233","0,20%"
14.02.1980,"1,2220","1,2220","1,2220","1,2220","-0,11%"
15.02.1980,"1,2151","1,2151","1,2151","1,2151","-0,56%"
18.02.1980,"1,2171","1,2171","1,2171","1,2171","0,16%"
19.02.1980,"1,2099","1,2099","1,2099","1,2099","-0,59%"
20.02.1980,"1,2119","1,2119","1,2119","1,2119","0,17%"
21.02.1980,"1,2076","1,2076","1,2076","1,2076","-0,35%"
22.02.1980,"1,1997","1,1997","1,1997","1,1997","-0,65%"
25.02.1980,"1,1970","1,1970","1,1970","1,1970","-0,23%"
26.02.1980,"1,1951","1,1951","1,1951","1,1951","-0,16%"
27.02.1980,"1,1959","1,1959","1,1959","1,1959","0,07%"
28.02.1980,"1,1978","1,1978","1,1978","1,1978","0,16%"
29.02.1980,"1,1854","1,1854","1,1854","1,1854","-1,04%"
03.03.1980,"1,1742","1,1742","1,1742","1,1742","-0,94%"
04.03.1980,"1,1834","1,1834","1,1834","1,1834","0,78%"
05.03.1980,"1,1763","1,1763","1,1763","1,1763","-0,60%"
06.03.1980,"1,1760","1,1760","1,1760","1,1760","-0,03%"
07.03.1980,"1,1755","1,1755","1,1755","1,1755","-0,04%"
10.03.1980,"1,1662","1,1662","1,1662","1,1662","-0,79%"
11.03.1980,"1,1662","1,1662","1,1662","1,1662","0,00%"
12.03.1980,"1,1656","1,1656","1,1656","1,1656","-0,05%"
13.03.1980,"1,1593","1,1593","1,1593","1,1593","-0,54%"
14.03.1980,"1,1526","1,1526","1,1526","1,1526","-0,58%"
17.03.1980,"1,1283","1,1283","1,1283","1,1283","-2,11%"
18.03.1980,"1,1279","1,1279","1,1279","1,1279","-0,04%"
19.03.1980,"1,1325","1,1325","1,1325","1,1325","0,41%"
20.03.1980,"1,1330","1,1330","1,1330","1,1330","0,04%"
21.03.1980,"1,1261","1,1261","1,1261","1,1261","-0,61%"
24.03.1980,"1,1226","1,1226","1,1226","1,1226","-0,31%"
25.03.1980,"1,1173","1,1173","1,1173","1,1173","-0,47%"
26.03.1980,"1,1166","1,1166","1,1166","1,1166","-0,06%"
27.03.1980,"1,1042","1,1042","1,1042","1,1042","-1,11%"
28.03.1980,"1,1024","1,1024","1,1024","1,1024","-0,16%"
31.03.1980,"1,0926","1,0926","1,0926","1,0926","-0,89%"
01.04.1980,"1,0814","1,0814","1,0814","1,0814","-1,03%"
02.04.1980,"1,0764","1,0764","1,0764","1,0764","-0,46%"
03.04.1980,"1,0851","1,0851","1,0851","1,0851","0,81%"
08.04.1980,"1,0932","1,0932","1,0932","1,0932","0,75%"
09.04.1980,"1,1208","1,1208","1,1208","1,1208","2,52%"
10.04.1980,"1,1175","1,1175","1,1175","1,1175","-0,29%"
11.04.1980,"1,1237","1,1237","1,1237","1,1237","0,55%"
14.04.1980,"1,1189","1,1189","1,1189","1,1189","-0,43%"
15.04.1980,"1,1109","1,1109","1,1109","1,1109","-0,71%"
16.04.1980,"1,1281","1,1281","1,1281","1,1281","1,55%"
17.04.1980,"1,1297","1,1297","1,1297","1,1297","0,14%"
18.04.1980,"1,1333","1,1333","1,1333","1,1333","0,32%"
21.04.1980,"1,1358","1,1358","1,1358","1,1358","0,22%"
22.04.1980,"1,1313","1,1313","1,1313","1,1313","-0,40%"
23.04.1980,"1,1519","1,1519","1,1519","1,1519","1,82%"
24.04.1980,"1,1524","1,1524","1,1524","1,1524","0,04%"
25.04.1980,"1,1524","1,1524","1,1524","1,1524","0,00%"
28.04.1980,"1,1560","1,1560","1,1560","1,1560","0,31%"
29.04.1980,"1,1545","1,1545","1,1545","1,1545","-0,13%"
30.04.1980,"1,1552","1,1552","1,1552","1,1552","0,06%"
01.05.1980,"1,1528","1,1528","1,1528","1,1528","-0,21%"
02.05.1980,"1,1398","1,1398","1,1398","1,1398","-1,13%"
06.05.1980,"1,1429","1,1429","1,1429","1,1429","0,27%"
07.05.1980,"1,1475","1,1475","1,1475","1,1475","0,40%"
08.05.1980,"1,1473","1,1473","1,1473","1,1473","-0,02%"
09.05.1980,"1,1373","1,1373","1,1373","1,1373","-0,87%"
12.05.1980,"1,1404","1,1404","1,1404","1,1404","0,27%"
13.05.1980,"1,1431","1,1431","1,1431","1,1431","0,24%"
14.05.1980,"1,1454","1,1454","1,1454","1,1454","0,20%"
15.05.1980,"1,1363","1,1363","1,1363","1,1363","-0,79%"
16.05.1980,"1,1431","1,1431","1,1431","1,1431","0,60%"
19.05.1980,"1,1409","1,1409","1,1409","1,1409","-0,19%"
20.05.1980,"1,1390","1,1390","1,1390","1,1390","-0,17%"
21.05.1980,"1,1472","1,1472","1,1472","1,1472","0,72%"
22.05.1980,"1,1449","1,1449","1,1449","1,1449","-0,20%"
23.05.1980,"1,1452","1,1452","1,1452","1,1452","0,03%"
27.05.1980,"1,1430","1,1430","1,1430","1,1430","-0,19%"
28.05.1980,"1,1505","1,1505","1,1505","1,1505","0,66%"
29.05.1980,"1,1532","1,1532","1,1532","1,1532","0,23%"
30.05.1980,"1,1471","1,1471","1,1471","1,1471","-0,53%"
02.06.1980,"1,1393","1,1393","1,1393","1,1393","-0,68%"
03.06.1980,"1,1445","1,1445","1,1445","1,1445","0,46%"
04.06.1980,"1,1437","1,1437","1,1437","1,1437","-0,07%"
05.06.1980,"1,1386","1,1386","1,1386","1,1386","-0,45%"
06.06.1980,"1,1385","1,1385","1,1385","1,1385","-0,01%"
09.06.1980,"1,1456","1,1456","1,1456","1,1456","0,62%"
10.06.1980,"1,1536","1,1536","1,1536","1,1536","0,70%"
11.06.1980,"1,1506","1,1506","1,1506","1,1506","-0,26%"
12.06.1980,"1,1434","1,1434","1,1434","1,1434","-0,63%"
13.06.1980,"1,1469","1,1469","1,1469","1,1469","0,31%"
16.06.1980,"1,1375","1,1375","1,1375","1,1375","-0,82%"
17.06.1980,"1,1371","1,1371","1,1371","1,1371","-0,04%"
18.06.1980,"1,1411","1,1411","1,1411","1,1411","0,35%"
19.06.1980,"1,1402","1,1402","1,1402","1,1402","-0,08%"
20.06.1980,"1,1363","1,1363","1,1363","1,1363","-0,34%"
23.06.1980,"1,1391","1,1391","1,1391","1,1391","0,25%"
24.06.1980,"1,1356","1,1356","1,1356","1,1356","-0,31%"
25.06.1980,"1,1363","1,1363","1,1363","1,1363","0,06%"
26.06.1980,"1,1376","1,1376","1,1376","1,1376","0,11%"
27.06.1980,"1,1332","1,1332","1,1332","1,1332","-0,39%"
30.06.1980,"1,1340","1,1340","1,1340","1,1340","0,07%"
01.07.1980,"1,1330","1,1330","1,1330","1,1330","-0,09%"
02.07.1980,"1,1359","1,1359","1,1359","1,1359","0,26%"
03.07.1980,"1,1410","1,1410","1,1410","1,1410","0,45%"
04.07.1980,"1,1401","1,1401","1,1401","1,1401","-0,08%"
07.07.1980,"1,1483","1,1483","1,1483","1,1483","0,72%"
08.07.1980,"1,1427","1,1427","1,1427","1,1427","-0,49%"
09.07.1980,"1,1415","1,1415","1,1415","1,1415","-0,11%"
10.07.1980,"1,1401","1,1401","1,1401","1,1401","-0,12%"
11.07.1980,"1,1399","1,1399","1,1399","1,1399","-0,02%"
14.07.1980,"1,1387","1,1387","1,1387","1,1387","-0,11%"
15.07.1980,"1,1363","1,1363","1,1363","1,1363","-0,21%"
16.07.1980,"1,1384","1,1384","1,1384","1,1384","0,18%"
17.07.1980,"1,1401","1,1401","1,1401","1,1401","0,15%"
18.07.1980,"1,1345","1,1345","1,1345","1,1345","-0,49%"
21.07.1980,"1,1373","1,1373","1,1373","1,1373","0,25%"
22.07.1980,"1,1405","1,1405","1,1405","1,1405","0,28%"
23.07.1980,"1,1373","1,1373","1,1373","1,1373","-0,28%"
24.07.1980,"1,1384","1,1384","1,1384","1,1384","0,10%"
25.07.1980,"1,1354","1,1354","1,1354","1,1354","-0,26%"
28.07.1980,"1,1335","1,1335","1,1335","1,1335","-0,17%"
29.07.1980,"1,1261","1,1261","1,1261","1,1261","-0,65%"
30.07.1980,"1,1209","1,1209","1,1209","1,1209","-0,46%"
31.07.1980,"1,1138","1,1138","1,1138","1,1138","-0,63%"
01.08.1980,"1,1105","1,1105","1,1105","1,1105","-0,30%"
04.08.1980,"1,1124","1,1124","1,1124","1,1124","0,17%"
05.08.1980,"1,1140","1,1140","1,1140","1,1140","0,14%"
06.08.1980,"1,1181","1,1181","1,1181","1,1181","0,37%"
07.08.1980,"1,1120","1,1120","1,1120","1,1120","-0,55%"
08.08.1980,"1,1101","1,1101","1,1101","1,1101","-0,17%"
11.08.1980,"1,1102","1,1102","1,1102","1,1102","0,01%"
12.08.1980,"1,1113","1,1113","1,1113","1,1113","0,10%"
13.08.1980,"1,1078","1,1078","1,1078","1,1078","-0,31%"
14.08.1980,"1,1058","1,1058","1,1058","1,1058","-0,18%"
15.08.1980,"1,1068","1,1068","1,1068","1,1068","0,09%"
18.08.1980,"1,0993","1,0993","1,0993","1,0993","-0,68%"
19.08.1980,"1,0851","1,0851","1,0851","1,0851","-1,29%"
20.08.1980,"1,1008","1,1008","1,1008","1,1008","1,45%"
21.08.1980,"1,1001","1,1001","1,1001","1,1001","-0,06%"
22.08.1980,"1,0880","1,0880","1,0880","1,0880","-1,10%"
26.08.1980,"1,0955","1,0955","1,0955","1,0955","0,69%"
27.08.1980,"1,0931","1,0931","1,0931","1,0931","-0,22%"
28.08.1980,"1,0987","1,0987","1,0987","1,0987","0,51%"
29.08.1980,"1,0963","1,0963","1,0963","1,0963","-0,22%"
01.09.1980,"1,0957","1,0957","1,0957","1,0957","-0,05%"
02.09.1980,"1,1001","1,1001","1,1001","1,1001","0,40%"
03.09.1980,"1,1001","1,1001","1,1001","1,1001","0,00%"
04.09.1980,"1,0977","1,0977","1,0977","1,0977","-0,22%"
05.09.1980,"1,0966","1,0966","1,0966","1,0966","-0,10%"
08.09.1980,"1,0988","1,0988","1,0988","1,0988","0,20%"
09.09.1980,"1,0986","1,0986","1,0986","1,0986","-0,02%"
10.09.1980,"1,1037","1,1037","1,1037","1,1037","0,46%"
11.09.1980,"1,0995","1,0995","1,0995","1,0995","-0,38%"
12.09.1980,"1,0962","1,0962","1,0962","1,0962","-0,30%"
15.09.1980,"1,0967","1,0967","1,0967","1,0967","0,05%"
16.09.1980,"1,0936","1,0936","1,0936","1,0936","-0,28%"
17.09.1980,"1,0833","1,0833","1,0833","1,0833","-0,94%"
18.09.1980,"1,0754","1,0754","1,0754","1,0754","-0,73%"
19.09.1980,"1,0883","1,0883","1,0883","1,0883","1,20%"
22.09.1980,"1,0836","1,0836","1,0836","1,0836","-0,43%"
23.09.1980,"1,0805","1,0805","1,0805","1,0805","-0,29%"
24.09.1980,"1,0874","1,0874","1,0874","1,0874","0,64%"
25.09.1980,"1,0877","1,0877","1,0877","1,0877","0,03%"
26.09.1980,"1,0812","1,0812","1,0812","1,0812","-0,60%"
29.09.1980,"1,0797","1,0797","1,0797","1,0797","-0,14%"
30.09.1980,"1,0802","1,0802","1,0802","1,0802","0,05%"
01.10.1980,"1,0829","1,0829","1,0829","1,0829","0,25%"
02.10.1980,"1,0800","1,0800","1,0800","1,0800","-0,27%"
03.10.1980,"1,0793","1,0793","1,0793","1,0793","-0,06%"
06.10.1980,"1,0837","1,0837","1,0837","1,0837","0,41%"
07.10.1980,"1,0818","1,0818","1,0818","1,0818","-0,18%"
08.10.1980,"1,0812","1,0812","1,0812","1,0812","-0,06%"
09.10.1980,"1,0794","1,0794","1,0794","1,0794","-0,17%"
10.10.1980,"1,0781","1,0781","1,0781","1,0781","-0,12%"
13.10.1980,"1,0737","1,0737","1,0737","1,0737","-0,41%"
14.10.1980,"1,0734","1,0734","1,0734","1,0734","-0,03%"
15.10.1980,"1,0688","1,0688","1,0688","1,0688","-0,43%"
16.10.1980,"1,0681","1,0681","1,0681","1,0681","-0,07%"
17.10.1980,"1,0608","1,0608","1,0608","1,0608","-0,68%"
20.10.1980,"1,0541","1,0541","1,0541","1,0541","-0,63%"
21.10.1980,"1,0462","1,0462","1,0462","1,0462","-0,75%"
22.10.1980,"1,0454","1,0454","1,0454","1,0454","-0,08%"
23.10.1980,"1,0472","1,0472","1,0472","1,0472","0,17%"
24.10.1980,"1,0413","1,0413","1,0413","1,0413","-0,56%"
27.10.1980,"1,0394","1,0394","1,0394","1,0394","-0,18%"
28.10.1980,"1,0366","1,0366","1,0366","1,0366","-0,27%"
29.10.1980,"1,0378","1,0378","1,0378","1,0378","0,12%"
30.10.1980,"1,0325","1,0325","1,0325","1,0325","-0,51%"
31.10.1980,"1,0299","1,0299","1,0299","1,0299","-0,25%"
03.11.1980,"1,0234","1,0234","1,0234","1,0234","-0,63%"
04.11.1980,"1,0222","1,0222","1,0222","1,0222","-0,12%"
05.11.1980,"1,0113","1,0113","1,0113","1,0113","-1,07%"
06.11.1980,"1,0074","1,0074","1,0074","1,0074","-0,39%"
07.11.1980,"1,0080","1,0080","1,0080","1,0080","0,06%"
10.11.1980,"1,0272","1,0272","1,0272","1,0272","1,90%"
11.11.1980,"1,0347","1,0347","1,0347","1,0347","0,73%"
12.11.1980,"1,0379","1,0379","1,0379","1,0379","0,31%"
13.11.1980,"1,0290","1,0290","1,0290","1,0290","-0,86%"
14.11.1980,"1,0296","1,0296","1,0296","1,0296","0,06%"
17.11.1980,"1,0150","1,0150","1,0150","1,0150","-1,42%"
18.11.1980,"1,0178","1,0178","1,0178","1,0178","0,28%"
19.11.1980,"1,0227","1,0227","1,0227","1,0227","0,48%"
20.11.1980,"1,0164","1,0164","1,0164","1,0164","-0,62%"
21.11.1980,"1,0141","1,0141","1,0141","1,0141","-0,23%"
24.11.1980,"1,0175","1,0175","1,0175","1,0175","0,34%"
25.11.1980,"1,0211","1,0211","1,0211","1,0211","0,35%"
26.11.1980,"1,0144","1,0144","1,0144","1,0144","-0,66%"
27.11.1980,"1,0142","1,0142","1,0142","1,0142","-0,02%"
28.11.1980,"1,0132","1,0132","1,0132","1,0132","-0,10%"
01.12.1980,"1,0104","1,0104","1,0104","1,0104","-0,28%"
02.12.1980,"1,0075","1,0075","1,0075","1,0075","-0,29%"
03.12.1980,"1,0096","1,0096","1,0096","1,0096","0,21%"
04.12.1980,"1,0067","1,0067","1,0067","1,0067","-0,29%"
05.12.1980,"1,0026","1,0026","1,0026","1,0026","-0,41%"
08.12.1980,"1,0008","1,0008","1,0008","1,0008","-0,18%"
09.12.1980,"0,9945","0,9945","0,9945","0,9945","-0,63%"
10.12.1980,"0,9871","0,9871","0,9871","0,9871","-0,74%"
11.12.1980,"0,9811","0,9811","0,9811","0,9811","-0,61%"
12.12.1980,"0,9863","0,9863","0,9863","0,9863","0,53%"
15.12.1980,"0,9914","0,9914","0,9914","0,9914","0,52%"
16.12.1980,"0,9738","0,9738","0,9738","0,9738","-1,78%"
17.12.1980,"0,9889","0,9889","0,9889","0,9889","1,55%"
18.12.1980,"0,9861","0,9861","0,9861","0,9861","-0,28%"
19.12.1980,"0,9955","0,9955","0,9955","0,9955","0,95%"
22.12.1980,"0,9937","0,9937","0,9937","0,9937","-0,18%"
23.12.1980,"0,9996","0,9996","0,9996","0,9996","0,59%"
24.12.1980,"1,0027","1,0027","1,0027","1,0027","0,31%"
29.12.1980,"0,9944","0,9944","0,9944","0,9944","-0,83%"
30.12.1980,"0,9935","0,9935","0,9935","0,9935","-0,09%"
31.12.1980,"0,9885","0,9885","0,9885","0,9885","-0,50%"
02.01.1981,"0,9827","0,9827","0,9827","0,9827","-0,59%"
05.01.1981,"0,9967","0,9967","0,9967","0,9967","1,42%"
06.01.1981,"0,9961","0,9961","0,9961","0,9961","-0,06%"
07.01.1981,"0,9930","0,9930","0,9930","0,9930","-0,31%"
08.01.1981,"0,9887","0,9887","0,9887","0,9887","-0,43%"
09.01.1981,"0,9818","0,9818","0,9818","0,9818","-0,70%"
12.01.1981,"0,9814","0,9814","0,9814","0,9814","-0,04%"
13.01.1981,"0,9753","0,9753","0,9753","0,9753","-0,62%"
14.01.1981,"0,9764","0,9764","0,9764","0,9764","0,11%"
15.01.1981,"0,9724","0,9724","0,9724","0,9724","-0,41%"
16.01.1981,"0,9572","0,9572","0,9572","0,9572","-1,56%"
19.01.1981,"0,9704","0,9704","0,9704","0,9704","1,38%"
20.01.1981,"0,9726","0,9726","0,9726","0,9726","0,23%"
21.01.1981,"0,9774","0,9774","0,9774","0,9774","0,49%"
22.01.1981,"0,9631","0,9631","0,9631","0,9631","-1,46%"
23.01.1981,"0,9634","0,9634","0,9634","0,9634","0,03%"
26.01.1981,"0,9560","0,9560","0,9560","0,9560","-0,77%"
27.01.1981,"0,9481","0,9481","0,9481","0,9481","-0,83%"
28.01.1981,"0,9462","0,9462","0,9462","0,9462","-0,20%"
29.01.1981,"0,9432","0,9432","0,9432","0,9432","-0,32%"
30.01.1981,"0,9349","0,9349","0,9349","0,9349","-0,88%"
02.02.1981,"0,9395","0,9395","0,9395","0,9395","0,49%"
03.02.1981,"0,9392","0,9392","0,9392","0,9392","-0,03%"
04.02.1981,"0,9399","0,9399","0,9399","0,9399","0,07%"
05.02.1981,"0,9327","0,9327","0,9327","0,9327","-0,77%"
06.02.1981,"0,9413","0,9413","0,9413","0,9413","0,92%"
09.02.1981,"0,9358","0,9358","0,9358","0,9358","-0,58%"
10.02.1981,"0,9309","0,9309","0,9309","0,9309","-0,52%"
11.02.1981,"0,9313","0,9313","0,9313","0,9313","0,04%"
12.02.1981,"0,9228","0,9228","0,9228","0,9228","-0,91%"
13.02.1981,"0,9190","0,9190","0,9190","0,9190","-0,41%"
16.02.1981,"0,9061","0,9061","0,9061","0,9061","-1,40%"
17.02.1981,"0,9277","0,9277","0,9277","0,9277","2,38%"
18.02.1981,"0,9363","0,9363","0,9363","0,9363","0,93%"
19.02.1981,"0,9451","0,9451","0,9451","0,9451","0,94%"
20.02.1981,"0,9527","0,9527","0,9527","0,9527","0,80%"
23.02.1981,"0,9423","0,9423","0,9423","0,9423","-1,09%"
24.02.1981,"0,9555","0,9555","0,9555","0,9555","1,40%"
25.02.1981,"0,9551","0,9551","0,9551","0,9551","-0,04%"
26.02.1981,"0,9530","0,9530","0,9530","0,9530","-0,22%"
27.02.1981,"0,9495","0,9495","0,9495","0,9495","-0,37%"
02.03.1981,"0,9446","0,9446","0,9446","0,9446","-0,52%"
03.03.1981,"0,9391","0,9391","0,9391","0,9391","-0,58%"
04.03.1981,"0,9505","0,9505","0,9505","0,9505","1,21%"
05.03.1981,"0,9486","0,9486","0,9486","0,9486","-0,20%"
06.03.1981,"0,9534","0,9534","0,9534","0,9534","0,51%"
09.03.1981,"0,9508","0,9508","0,9508","0,9508","-0,27%"
10.03.1981,"0,9659","0,9659","0,9659","0,9659","1,59%"
11.03.1981,"0,9580","0,9580","0,9580","0,9580","-0,82%"
12.03.1981,"0,9622","0,9622","0,9622","0,9622","0,44%"
13.03.1981,"0,9637","0,9637","0,9637","0,9637","0,16%"
16.03.1981,"0,9689","0,9689","0,9689","0,9689","0,54%"
17.03.1981,"0,9693","0,9693","0,9693","0,9693","0,04%"
18.03.1981,"0,9798","0,9798","0,9798","0,9798","1,08%"
19.03.1981,"0,9851","0,9851","0,9851","0,9851","0,54%"
20.03.1981,"0,9791","0,9791","0,9791","0,9791","-0,61%"
23.03.1981,"0,9732","0,9732","0,9732","0,9732","-0,60%"
24.03.1981,"0,9754","0,9754","0,9754","0,9754","0,23%"
25.03.1981,"0,9741","0,9741","0,9741","0,9741","-0,13%"
26.03.1981,"0,9685","0,9685","0,9685","0,9685","-0,57%"
27.03.1981,"0,9670","0,9670","0,9670","0,9670","-0,15%"
30.03.1981,"0,9676","0,9676","0,9676","0,9676","0,06%"
31.03.1981,"0,9784","0,9784","0,9784","0,9784","1,12%"
01.04.1981,"0,9755","0,9755","0,9755","0,9755","-0,30%"
02.04.1981,"0,9748","0,9748","0,9748","0,9748","-0,07%"
03.04.1981,"0,9711","0,9711","0,9711","0,9711","-0,38%"
06.04.1981,"0,9673","0,9673","0,9673","0,9673","-0,39%"
07.04.1981,"0,9697","0,9697","0,9697","0,9697","0,25%"
08.04.1981,"0,9709","0,9709","0,9709","0,9709","0,12%"
09.04.1981,"0,9621","0,9621","0,9621","0,9621","-0,91%"
10.04.1981,"0,9679","0,9679","0,9679","0,9679","0,60%"
13.04.1981,"0,9589","0,9589","0,9589","0,9589","-0,93%"
14.04.1981,"0,9596","0,9596","0,9596","0,9596","0,07%"
15.04.1981,"0,9566","0,9566","0,9566","0,9566","-0,31%"
16.04.1981,"0,9572","0,9572","0,9572","0,9572","0,06%"
21.04.1981,"0,9552","0,9552","0,9552","0,9552","-0,21%"
22.04.1981,"0,9616","0,9616","0,9616","0,9616","0,67%"
23.04.1981,"0,9602","0,9602","0,9602","0,9602","-0,15%"
24.04.1981,"0,9551","0,9551","0,9551","0,9551","-0,53%"
27.04.1981,"0,9568","0,9568","0,9568","0,9568","0,18%"
28.04.1981,"0,9530","0,9530","0,9530","0,9530","-0,40%"
29.04.1981,"0,9455","0,9455","0,9455","0,9455","-0,79%"
30.04.1981,"0,9502","0,9502","0,9502","0,9502","0,50%"
01.05.1981,"0,9542","0,9542","0,9542","0,9542","0,42%"
05.05.1981,"0,9381","0,9381","0,9381","0,9381","-1,69%"
06.05.1981,"0,9405","0,9405","0,9405","0,9405","0,26%"
07.05.1981,"0,9366","0,9366","0,9366","0,9366","-0,41%"
08.05.1981,"0,9452","0,9452","0,9452","0,9452","0,92%"
11.05.1981,"0,9331","0,9331","0,9331","0,9331","-1,28%"
12.05.1981,"0,9345","0,9345","0,9345","0,9345","0,15%"
13.05.1981,"0,9314","0,9314","0,9314","0,9314","-0,33%"
14.05.1981,"0,9307","0,9307","0,9307","0,9307","-0,08%"
15.05.1981,"0,9308","0,9308","0,9308","0,9308","0,01%"
18.05.1981,"0,9319","0,9319","0,9319","0,9319","0,12%"
19.05.1981,"0,9304","0,9304","0,9304","0,9304","-0,16%"
20.05.1981,"0,9395","0,9395","0,9395","0,9395","0,98%"
21.05.1981,"0,9307","0,9307","0,9307","0,9307","-0,94%"
22.05.1981,"0,9310","0,9310","0,9310","0,9310","0,03%"
26.05.1981,"0,9331","0,9331","0,9331","0,9331","0,23%"
27.05.1981,"0,9329","0,9329","0,9329","0,9329","-0,02%"
28.05.1981,"0,9380","0,9380","0,9380","0,9380","0,55%"
29.05.1981,"0,9330","0,9330","0,9330","0,9330","-0,53%"
01.06.1981,"0,9333","0,9333","0,9333","0,9333","0,03%"
02.06.1981,"0,9258","0,9258","0,9258","0,9258","-0,80%"
03.06.1981,"0,9349","0,9349","0,9349","0,9349","0,98%"
04.06.1981,"0,9218","0,9218","0,9218","0,9218","-1,40%"
05.06.1981,"0,9322","0,9322","0,9322","0,9322","1,13%"
08.06.1981,"0,9313","0,9313","0,9313","0,9313","-0,10%"
09.06.1981,"0,9334","0,9334","0,9334","0,9334","0,23%"
10.06.1981,"0,9301","0,9301","0,9301","0,9301","-0,35%"
11.06.1981,"0,9308","0,9308","0,9308","0,9308","0,08%"
12.06.1981,"0,9335","0,9335","0,9335","0,9335","0,29%"
15.06.1981,"0,9383","0,9383","0,9383","0,9383","0,51%"
16.06.1981,"0,9382","0,9382","0,9382","0,9382","-0,01%"
17.06.1981,"0,9443","0,9443","0,9443","0,9443","0,65%"
18.06.1981,"0,9385","0,9385","0,9385","0,9385","-0,61%"
19.06.1981,"0,9365","0,9365","0,9365","0,9365","-0,21%"
22.06.1981,"0,9444","0,9444","0,9444","0,9444","0,84%"
23.06.1981,"0,9408","0,9408","0,9408","0,9408","-0,38%"
24.06.1981,"0,9390","0,9390","0,9390","0,9390","-0,19%"
25.06.1981,"0,9393","0,9393","0,9393","0,9393","0,03%"
26.06.1981,"0,9433","0,9433","0,9433","0,9433","0,43%"
29.06.1981,"0,9449","0,9449","0,9449","0,9449","0,17%"
30.06.1981,"0,9462","0,9462","0,9462","0,9462","0,14%"
01.07.1981,"0,9475","0,9475","0,9475","0,9475","0,14%"
02.07.1981,"0,9515","0,9515","0,9515","0,9515","0,42%"
03.07.1981,"0,9533","0,9533","0,9533","0,9533","0,19%"
06.07.1981,"0,9505","0,9505","0,9505","0,9505","-0,29%"
07.07.1981,"0,9484","0,9484","0,9484","0,9484","-0,22%"
08.07.1981,"0,9422","0,9422","0,9422","0,9422","-0,65%"
09.07.1981,"0,9495","0,9495","0,9495","0,9495","0,77%"
10.07.1981,"0,9502","0,9502","0,9502","0,9502","0,07%"
13.07.1981,"0,9517","0,9517","0,9517","0,9517","0,16%"
14.07.1981,"0,9613","0,9613","0,9613","0,9613","1,01%"
15.07.1981,"0,9727","0,9727","0,9727","0,9727","1,19%"
16.07.1981,"0,9769","0,9769","0,9769","0,9769","0,43%"
17.07.1981,"0,9732","0,9732","0,9732","0,9732","-0,38%"
20.07.1981,"0,9682","0,9682","0,9682","0,9682","-0,51%"
21.07.1981,"0,9748","0,9748","0,9748","0,9748","0,68%"
22.07.1981,"0,9795","0,9795","0,9795","0,9795","0,48%"
23.07.1981,"0,9845","0,9845","0,9845","0,9845","0,51%"
24.07.1981,"0,9907","0,9907","0,9907","0,9907","0,63%"
27.07.1981,"0,9854","0,9854","0,9854","0,9854","-0,53%"
28.07.1981,"0,9979","0,9979","0,9979","0,9979","1,27%"
30.07.1981,"0,9944","0,9944","0,9944","0,9944","-0,35%"
31.07.1981,"0,9888","0,9888","0,9888","0,9888","-0,56%"
03.08.1981,"0,9745","0,9745","0,9745","0,9745","-1,45%"
04.08.1981,"0,9723","0,9723","0,9723","0,9723","-0,23%"
05.08.1981,"0,9731","0,9731","0,9731","0,9731","0,08%"
06.08.1981,"0,9768","0,9768","0,9768","0,9768","0,38%"
07.08.1981,"0,9692","0,9692","0,9692","0,9692","-0,78%"
10.08.1981,"0,9593","0,9593","0,9593","0,9593","-1,02%"
11.08.1981,"0,9617","0,9617","0,9617","0,9617","0,25%"
12.08.1981,"0,9658","0,9658","0,9658","0,9658","0,43%"
13.08.1981,"0,9680","0,9680","0,9680","0,9680","0,23%"
14.08.1981,"0,9732","0,9732","0,9732","0,9732","0,54%"
17.08.1981,"0,9685","0,9685","0,9685","0,9685","-0,48%"
18.08.1981,"0,9739","0,9739","0,9739","0,9739","0,56%"
19.08.1981,"0,9737","0,9737","0,9737","0,9737","-0,02%"
20.08.1981,"0,9750","0,9750","0,9750","0,9750","0,13%"
21.08.1981,"0,9691","0,9691","0,9691","0,9691","-0,61%"
24.08.1981,"0,9741","0,9741","0,9741","0,9741","0,52%"
25.08.1981,"0,9688","0,9688","0,9688","0,9688","-0,54%"
26.08.1981,"0,9798","0,9798","0,9798","0,9798","1,14%"
27.08.1981,"0,9782","0,9782","0,9782","0,9782","-0,16%"
28.08.1981,"0,9860","0,9860","0,9860","0,9860","0,80%"
01.09.1981,"0,9828","0,9828","0,9828","0,9828","-0,32%"
02.09.1981,"0,9918","0,9918","0,9918","0,9918","0,92%"
03.09.1981,"0,9950","0,9950","0,9950","0,9950","0,32%"
04.09.1981,"1,0012","1,0012","1,0012","1,0012","0,62%"
07.09.1981,"1,0022","1,0022","1,0022","1,0022","0,10%"
08.09.1981,"1,0018","1,0018","1,0018","1,0018","-0,04%"
09.09.1981,"1,0092","1,0092","1,0092","1,0092","0,74%"
10.09.1981,"1,0120","1,0120","1,0120","1,0120","0,28%"
11.09.1981,"1,0053","1,0053","1,0053","1,0053","-0,66%"
14.09.1981,"1,0321","1,0321","1,0321","1,0321","2,67%"
15.09.1981,"1,0255","1,0255","1,0255","1,0255","-0,64%"
16.09.1981,"1,0376","1,0376","1,0376","1,0376","1,18%"
17.09.1981,"1,0419","1,0419","1,0419","1,0419","0,41%"
18.09.1981,"1,0543","1,0543","1,0543","1,0543","1,19%"
21.09.1981,"1,0712","1,0712","1,0712","1,0712","1,60%"
22.09.1981,"1,0486","1,0486","1,0486","1,0486","-2,11%"
23.09.1981,"1,0427","1,0427","1,0427","1,0427","-0,56%"
24.09.1981,"1,0452","1,0452","1,0452","1,0452","0,24%"
25.09.1981,"1,0365","1,0365","1,0365","1,0365","-0,83%"
28.09.1981,"1,0365","1,0365","1,0365","1,0365","0,00%"
29.09.1981,"1,0518","1,0518","1,0518","1,0518","1,48%"
30.09.1981,"1,0439","1,0439","1,0439","1,0439","-0,75%"
01.10.1981,"1,0418","1,0418","1,0418","1,0418","-0,20%"
02.10.1981,"1,0551","1,0551","1,0551","1,0551","1,28%"
05.10.1981,"1,0609","1,0609","1,0609","1,0609","0,55%"
06.10.1981,"1,0516","1,0516","1,0516","1,0516","-0,88%"
07.10.1981,"1,0658","1,0658","1,0658","1,0658","1,35%"
08.10.1981,"1,0670","1,0670","1,0670","1,0670","0,11%"
09.10.1981,"1,0673","1,0673","1,0673","1,0673","0,03%"
12.10.1981,"1,0662","1,0662","1,0662","1,0662","-0,10%"
13.10.1981,"1,0604","1,0604","1,0604","1,0604","-0,54%"
14.10.1981,"1,0650","1,0650","1,0650","1,0650","0,43%"
15.10.1981,"1,0625","1,0625","1,0625","1,0625","-0,23%"
16.10.1981,"1,0675","1,0675","1,0675","1,0675","0,47%"
19.10.1981,"1,0657","1,0657","1,0657","1,0657","-0,17%"
20.10.1981,"1,0688","1,0688","1,0688","1,0688","0,29%"
21.10.1981,"1,0624","1,0624","1,0624","1,0624","-0,60%"
22.10.1981,"1,0568","1,0568","1,0568","1,0568","-0,53%"
23.10.1981,"1,0604","1,0604","1,0604","1,0604","0,34%"
26.10.1981,"1,0456","1,0456","1,0456","1,0456","-1,40%"
27.10.1981,"1,0498","1,0498","1,0498","1,0498","0,40%"
28.10.1981,"1,0596","1,0596","1,0596","1,0596","0,93%"
29.10.1981,"1,0587","1,0587","1,0587","1,0587","-0,08%"
30.10.1981,"1,0739","1,0739","1,0739","1,0739","1,44%"
02.11.1981,"1,0767","1,0767","1,0767","1,0767","0,26%"
03.11.1981,"1,0739","1,0739","1,0739","1,0739","-0,26%"
04.11.1981,"1,0788","1,0788","1,0788","1,0788","0,46%"
05.11.1981,"1,0730","1,0730","1,0730","1,0730","-0,54%"
06.11.1981,"1,0762","1,0762","1,0762","1,0762","0,30%"
09.11.1981,"1,0830","1,0830","1,0830","1,0830","0,63%"
10.11.1981,"1,0737","1,0737","1,0737","1,0737","-0,86%"
11.11.1981,"1,0760","1,0760","1,0760","1,0760","0,21%"
12.11.1981,"1,0815","1,0815","1,0815","1,0815","0,51%"
13.11.1981,"1,0730","1,0730","1,0730","1,0730","-0,79%"
16.11.1981,"1,0704","1,0704","1,0704","1,0704","-0,24%"
17.11.1981,"1,0690","1,0690","1,0690","1,0690","-0,13%"
18.11.1981,"1,0799","1,0799","1,0799","1,0799","1,02%"
19.11.1981,"1,0741","1,0741","1,0741","1,0741","-0,54%"
20.11.1981,"1,0681","1,0681","1,0681","1,0681","-0,56%"
23.11.1981,"1,0691","1,0691","1,0691","1,0691","0,09%"
24.11.1981,"1,0800","1,0800","1,0800","1,0800","1,02%"
25.11.1981,"1,0759","1,0759","1,0759","1,0759","-0,38%"
26.11.1981,"1,0789","1,0789","1,0789","1,0789","0,28%"
27.11.1981,"1,0819","1,0819","1,0819","1,0819","0,28%"
30.11.1981,"1,0803","1,0803","1,0803","1,0803","-0,15%"
01.12.1981,"1,0819","1,0819","1,0819","1,0819","0,15%"
02.12.1981,"1,0830","1,0830","1,0830","1,0830","0,10%"
03.12.1981,"1,0787","1,0787","1,0787","1,0787","-0,40%"
04.12.1981,"1,0789","1,0789","1,0789","1,0789","0,02%"
07.12.1981,"1,0724","1,0724","1,0724","1,0724","-0,60%"
08.12.1981,"1,0781","1,0781","1,0781","1,0781","0,53%"
09.12.1981,"1,0814","1,0814","1,0814","1,0814","0,31%"
10.12.1981,"1,0771","1,0771","1,0771","1,0771","-0,40%"
11.12.1981,"1,0783","1,0783","1,0783","1,0783","0,11%"
14.12.1981,"1,0809","1,0809","1,0809","1,0809","0,24%"
15.12.1981,"1,0723","1,0723","1,0723","1,0723","-0,80%"
16.12.1981,"1,0619","1,0619","1,0619","1,0619","-0,97%"
17.12.1981,"1,0611","1,0611","1,0611","1,0611","-0,08%"
18.12.1981,"1,0567","1,0567","1,0567","1,0567","-0,41%"
21.12.1981,"1,0515","1,0515","1,0515","1,0515","-0,49%"
22.12.1981,"1,0513","1,0513","1,0513","1,0513","-0,02%"
23.12.1981,"1,0488","1,0488","1,0488","1,0488","-0,24%"
24.12.1981,"1,0686","1,0686","1,0686","1,0686","1,89%"
29.12.1981,"1,0557","1,0557","1,0557","1,0557","-1,21%"
30.12.1981,"1,0591","1,0591","1,0591","1,0591","0,32%"
31.12.1981,"1,0569","1,0569","1,0569","1,0569","-0,21%"
04.01.1982,"1,0576","1,0576","1,0576","1,0576","0,07%"
05.01.1982,"1,0517","1,0517","1,0517","1,0517","-0,56%"
06.01.1982,"1,0542","1,0542","1,0542","1,0542","0,24%"
07.01.1982,"1,0520","1,0520","1,0520","1,0520","-0,21%"
08.01.1982,"1,0566","1,0566","1,0566","1,0566","0,44%"
11.01.1982,"1,0480","1,0480","1,0480","1,0480","-0,81%"
12.01.1982,"1,0487","1,0487","1,0487","1,0487","0,07%"
13.01.1982,"1,0504","1,0504","1,0504","1,0504","0,16%"
14.01.1982,"1,0424","1,0424","1,0424","1,0424","-0,76%"
15.01.1982,"1,0411","1,0411","1,0411","1,0411","-0,12%"
18.01.1982,"1,0413","1,0413","1,0413","1,0413","0,02%"
19.01.1982,"1,0461","1,0461","1,0461","1,0461","0,46%"
20.01.1982,"1,0406","1,0406","1,0406","1,0406","-0,53%"
21.01.1982,"1,0454","1,0454","1,0454","1,0454","0,46%"
22.01.1982,"1,0462","1,0462","1,0462","1,0462","0,08%"
25.01.1982,"1,0348","1,0348","1,0348","1,0348","-1,09%"
26.01.1982,"1,0414","1,0414","1,0414","1,0414","0,64%"
27.01.1982,"1,0435","1,0435","1,0435","1,0435","0,20%"
28.01.1982,"1,0414","1,0414","1,0414","1,0414","-0,20%"
29.01.1982,"1,0417","1,0417","1,0417","1,0417","0,03%"
01.02.1982,"1,0348","1,0348","1,0348","1,0348","-0,66%"
02.02.1982,"1,0447","1,0447","1,0447","1,0447","0,96%"
03.02.1982,"1,0351","1,0351","1,0351","1,0351","-0,92%"
04.02.1982,"1,0345","1,0345","1,0345","1,0345","-0,06%"
05.02.1982,"1,0335","1,0335","1,0335","1,0335","-0,10%"
08.02.1982,"1,0320","1,0320","1,0320","1,0320","-0,15%"
09.02.1982,"1,0320","1,0320","1,0320","1,0320","0,00%"
10.02.1982,"1,0348","1,0348","1,0348","1,0348","0,27%"
11.02.1982,"1,0345","1,0345","1,0345","1,0345","-0,03%"
12.02.1982,"1,0274","1,0274","1,0274","1,0274","-0,69%"
15.02.1982,"1,0241","1,0241","1,0241","1,0241","-0,32%"
16.02.1982,"1,0257","1,0257","1,0257","1,0257","0,16%"
17.02.1982,"1,0245","1,0245","1,0245","1,0245","-0,12%"
18.02.1982,"1,0220","1,0220","1,0220","1,0220","-0,24%"
19.02.1982,"1,0252","1,0252","1,0252","1,0252","0,31%"
22.02.1982,"1,0232","1,0232","1,0232","1,0232","-0,20%"
23.02.1982,"1,0172","1,0172","1,0172","1,0172","-0,59%"
24.02.1982,"1,0171","1,0171","1,0171","1,0171","-0,01%"
25.02.1982,"1,0168","1,0168","1,0168","1,0168","-0,03%"
26.02.1982,"1,0128","1,0128","1,0128","1,0128","-0,39%"
01.03.1982,"1,0162","1,0162","1,0162","1,0162","0,34%"
02.03.1982,"1,0194","1,0194","1,0194","1,0194","0,31%"
03.03.1982,"1,0187","1,0187","1,0187","1,0187","-0,07%"
04.03.1982,"1,0173","1,0173","1,0173","1,0173","-0,14%"
05.03.1982,"1,0249","1,0249","1,0249","1,0249","0,75%"
08.03.1982,"1,0369","1,0369","1,0369","1,0369","1,17%"
09.03.1982,"1,0443","1,0443","1,0443","1,0443","0,71%"
10.03.1982,"1,0542","1,0542","1,0542","1,0542","0,95%"
11.03.1982,"1,0507","1,0507","1,0507","1,0507","-0,33%"
12.03.1982,"1,0529","1,0529","1,0529","1,0529","0,21%"
15.03.1982,"1,0674","1,0674","1,0674","1,0674","1,38%"
16.03.1982,"1,0658","1,0658","1,0658","1,0658","-0,15%"
17.03.1982,"1,0654","1,0654","1,0654","1,0654","-0,04%"
18.03.1982,"1,0567","1,0567","1,0567","1,0567","-0,82%"
19.03.1982,"1,0607","1,0607","1,0607","1,0607","0,38%"
22.03.1982,"1,0576","1,0576","1,0576","1,0576","-0,29%"
23.03.1982,"1,0603","1,0603","1,0603","1,0603","0,26%"
24.03.1982,"1,0579","1,0579","1,0579","1,0579","-0,23%"
25.03.1982,"1,0589","1,0589","1,0589","1,0589","0,09%"
26.03.1982,"1,0583","1,0583","1,0583","1,0583","-0,06%"
29.03.1982,"1,0566","1,0566","1,0566","1,0566","-0,16%"
30.03.1982,"1,0600","1,0600","1,0600","1,0600","0,32%"
31.03.1982,"1,0616","1,0616","1,0616","1,0616","0,15%"
01.04.1982,"1,0646","1,0646","1,0646","1,0646","0,28%"
02.04.1982,"1,0622","1,0622","1,0622","1,0622","-0,23%"
05.04.1982,"1,0666","1,0666","1,0666","1,0666","0,41%"
06.04.1982,"1,0646","1,0646","1,0646","1,0646","-0,19%"
07.04.1982,"1,0670","1,0670","1,0670","1,0670","0,23%"
08.04.1982,"1,0586","1,0586","1,0586","1,0586","-0,79%"
13.04.1982,"1,0630","1,0630","1,0630","1,0630","0,42%"
14.04.1982,"1,0607","1,0607","1,0607","1,0607","-0,22%"
15.04.1982,"1,0613","1,0613","1,0613","1,0613","0,06%"
16.04.1982,"1,0600","1,0600","1,0600","1,0600","-0,12%"
19.04.1982,"1,0607","1,0607","1,0607","1,0607","0,07%"
20.04.1982,"1,0637","1,0637","1,0637","1,0637","0,28%"
21.04.1982,"1,0630","1,0630","1,0630","1,0630","-0,07%"
22.04.1982,"1,0620","1,0620","1,0620","1,0620","-0,09%"
23.04.1982,"1,0676","1,0676","1,0676","1,0676","0,53%"
26.04.1982,"1,0723","1,0723","1,0723","1,0723","0,44%"
27.04.1982,"1,0690","1,0690","1,0690","1,0690","-0,31%"
28.04.1982,"1,0773","1,0773","1,0773","1,0773","0,78%"
29.04.1982,"1,0864","1,0864","1,0864","1,0864","0,84%"
30.04.1982,"1,0868","1,0868","1,0868","1,0868","0,04%"
04.05.1982,"1,0882","1,0882","1,0882","1,0882","0,13%"
05.05.1982,"1,1009","1,1009","1,1009","1,1009","1,17%"
06.05.1982,"1,1017","1,1017","1,1017","1,1017","0,07%"
07.05.1982,"1,1122","1,1122","1,1122","1,1122","0,95%"
10.05.1982,"1,1107","1,1107","1,1107","1,1107","-0,13%"
11.05.1982,"1,1159","1,1159","1,1159","1,1159","0,47%"
12.05.1982,"1,1180","1,1180","1,1180","1,1180","0,19%"
13.05.1982,"1,1185","1,1185","1,1185","1,1185","0,04%"
14.05.1982,"1,1135","1,1135","1,1135","1,1135","-0,45%"
17.05.1982,"1,1204","1,1204","1,1204","1,1204","0,62%"
18.05.1982,"1,1223","1,1223","1,1223","1,1223","0,17%"
19.05.1982,"1,1219","1,1219","1,1219","1,1219","-0,04%"
20.05.1982,"1,1210","1,1210","1,1210","1,1210","-0,08%"
21.05.1982,"1,1251","1,1251","1,1251","1,1251","0,37%"
24.05.1982,"1,1267","1,1267","1,1267","1,1267","0,14%"
25.05.1982,"1,1250","1,1250","1,1250","1,1250","-0,15%"
26.05.1982,"1,1240","1,1240","1,1240","1,1240","-0,09%"
27.05.1982,"1,1155","1,1155","1,1155","1,1155","-0,76%"
28.05.1982,"1,1176","1,1176","1,1176","1,1176","0,19%"
01.06.1982,"1,1075","1,1075","1,1075","1,1075","-0,90%"
02.06.1982,"1,1090","1,1090","1,1090","1,1090","0,14%"
03.06.1982,"1,1152","1,1152","1,1152","1,1152","0,56%"
04.06.1982,"1,1145","1,1145","1,1145","1,1145","-0,06%"
07.06.1982,"1,1090","1,1090","1,1090","1,1090","-0,49%"
08.06.1982,"1,1010","1,1010","1,1010","1,1010","-0,72%"
09.06.1982,"1,1057","1,1057","1,1057","1,1057","0,43%"
10.06.1982,"1,0949","1,0949","1,0949","1,0949","-0,98%"
11.06.1982,"1,1149","1,1149","1,1149","1,1149","1,83%"
14.06.1982,"1,0929","1,0929","1,0929","1,0929","-1,97%"
15.06.1982,"1,0991","1,0991","1,0991","1,0991","0,57%"
16.06.1982,"1,0938","1,0938","1,0938","1,0938","-0,48%"
17.06.1982,"1,0931","1,0931","1,0931","1,0931","-0,06%"
18.06.1982,"1,0923","1,0923","1,0923","1,0923","-0,07%"
21.06.1982,"1,0947","1,0947","1,0947","1,0947","0,22%"
22.06.1982,"1,1029","1,1029","1,1029","1,1029","0,75%"
23.06.1982,"1,1017","1,1017","1,1017","1,1017","-0,11%"
24.06.1982,"1,1031","1,1031","1,1031","1,1031","0,13%"
25.06.1982,"1,0967","1,0967","1,0967","1,0967","-0,58%"
28.06.1982,"1,0996","1,0996","1,0996","1,0996","0,26%"
29.06.1982,"1,1044","1,1044","1,1044","1,1044","0,44%"
30.06.1982,"1,1102","1,1102","1,1102","1,1102","0,53%"
01.07.1982,"1,1056","1,1056","1,1056","1,1056","-0,41%"
02.07.1982,"1,1061","1,1061","1,1061","1,1061","0,05%"
05.07.1982,"1,1040","1,1040","1,1040","1,1040","-0,19%"
06.07.1982,"1,1038","1,1038","1,1038","1,1038","-0,02%"
07.07.1982,"1,0975","1,0975","1,0975","1,0975","-0,57%"
08.07.1982,"1,0986","1,0986","1,0986","1,0986","0,10%"
09.07.1982,"1,1019","1,1019","1,1019","1,1019","0,30%"
12.07.1982,"1,1090","1,1090","1,1090","1,1090","0,64%"
13.07.1982,"1,1012","1,1012","1,1012","1,1012","-0,70%"
14.07.1982,"1,0982","1,0982","1,0982","1,0982","-0,27%"
15.07.1982,"1,1034","1,1034","1,1034","1,1034","0,47%"
16.07.1982,"1,0994","1,0994","1,0994","1,0994","-0,36%"
19.07.1982,"1,1080","1,1080","1,1080","1,1080","0,78%"
20.07.1982,"1,1059","1,1059","1,1059","1,1059","-0,19%"
21.07.1982,"1,1093","1,1093","1,1093","1,1093","0,31%"
22.07.1982,"1,1123","1,1123","1,1123","1,1123","0,27%"
23.07.1982,"1,1212","1,1212","1,1212","1,1212","0,80%"
26.07.1982,"1,1192","1,1192","1,1192","1,1192","-0,18%"
27.07.1982,"1,1141","1,1141","1,1141","1,1141","-0,46%"
28.07.1982,"1,1142","1,1142","1,1142","1,1142","0,01%"
29.07.1982,"1,1124","1,1124","1,1124","1,1124","-0,16%"
30.07.1982,"1,1092","1,1092","1,1092","1,1092","-0,29%"
02.08.1982,"1,1157","1,1157","1,1157","1,1157","0,59%"
03.08.1982,"1,1181","1,1181","1,1181","1,1181","0,22%"
04.08.1982,"1,1114","1,1114","1,1114","1,1114","-0,60%"
05.08.1982,"1,1085","1,1085","1,1085","1,1085","-0,26%"
06.08.1982,"1,1038","1,1038","1,1038","1,1038","-0,42%"
09.08.1982,"1,1008","1,1008","1,1008","1,1008","-0,27%"
10.08.1982,"1,1046","1,1046","1,1046","1,1046","0,35%"
11.08.1982,"1,1005","1,1005","1,1005","1,1005","-0,37%"
12.08.1982,"1,0987","1,0987","1,0987","1,0987","-0,16%"
13.08.1982,"1,0965","1,0965","1,0965","1,0965","-0,20%"
16.08.1982,"1,1006","1,1006","1,1006","1,1006","0,37%"
17.08.1982,"1,1025","1,1025","1,1025","1,1025","0,17%"
18.08.1982,"1,1089","1,1089","1,1089","1,1089","0,58%"
19.08.1982,"1,1001","1,1001","1,1001","1,1001","-0,79%"
20.08.1982,"1,1062","1,1062","1,1062","1,1062","0,55%"
23.08.1982,"1,1051","1,1051","1,1051","1,1051","-0,10%"
24.08.1982,"1,1075","1,1075","1,1075","1,1075","0,22%"
25.08.1982,"1,1123","1,1123","1,1123","1,1123","0,43%"
26.08.1982,"1,1106","1,1106","1,1106","1,1106","-0,15%"
27.08.1982,"1,1039","1,1039","1,1039","1,1039","-0,60%"
31.08.1982,"1,0968","1,0968","1,0968","1,0968","-0,64%"
01.09.1982,"1,0975","1,0975","1,0975","1,0975","0,06%"
02.09.1982,"1,0981","1,0981","1,0981","1,0981","0,05%"
03.09.1982,"1,0989","1,0989","1,0989","1,0989","0,07%"
06.09.1982,"1,0962","1,0962","1,0962","1,0962","-0,25%"
07.09.1982,"1,0959","1,0959","1,0959","1,0959","-0,03%"
08.09.1982,"1,0913","1,0913","1,0913","1,0913","-0,42%"
09.09.1982,"1,0940","1,0940","1,0940","1,0940","0,25%"
10.09.1982,"1,0933","1,0933","1,0933","1,0933","-0,06%"
13.09.1982,"1,0865","1,0865","1,0865","1,0865","-0,62%"
14.09.1982,"1,0910","1,0910","1,0910","1,0910","0,41%"
15.09.1982,"1,0916","1,0916","1,0916","1,0916","0,05%"
16.09.1982,"1,0896","1,0896","1,0896","1,0896","-0,18%"
17.09.1982,"1,0949","1,0949","1,0949","1,0949","0,49%"
20.09.1982,"1,0943","1,0943","1,0943","1,0943","-0,05%"
21.09.1982,"1,0905","1,0905","1,0905","1,0905","-0,35%"
22.09.1982,"1,0905","1,0905","1,0905","1,0905","0,00%"
23.09.1982,"1,0893","1,0893","1,0893","1,0893","-0,11%"
24.09.1982,"1,0860","1,0860","1,0860","1,0860","-0,30%"
27.09.1982,"1,0785","1,0785","1,0785","1,0785","-0,69%"
28.09.1982,"1,0795","1,0795","1,0795","1,0795","0,09%"
29.09.1982,"1,0834","1,0834","1,0834","1,0834","0,36%"
30.09.1982,"1,0825","1,0825","1,0825","1,0825","-0,08%"
01.10.1982,"1,0849","1,0849","1,0849","1,0849","0,22%"
04.10.1982,"1,0815","1,0815","1,0815","1,0815","-0,31%"
05.10.1982,"1,0815","1,0815","1,0815","1,0815","0,00%"
06.10.1982,"1,0828","1,0828","1,0828","1,0828","0,12%"
07.10.1982,"1,0834","1,0834","1,0834","1,0834","0,06%"
08.10.1982,"1,0856","1,0856","1,0856","1,0856","0,20%"
11.10.1982,"1,0873","1,0873","1,0873","1,0873","0,16%"
12.10.1982,"1,0875","1,0875","1,0875","1,0875","0,02%"
13.10.1982,"1,0873","1,0873","1,0873","1,0873","-0,02%"
14.10.1982,"1,0857","1,0857","1,0857","1,0857","-0,15%"
15.10.1982,"1,0822","1,0822","1,0822","1,0822","-0,32%"
18.10.1982,"1,0834","1,0834","1,0834","1,0834","0,11%"
19.10.1982,"1,0819","1,0819","1,0819","1,0819","-0,14%"
20.10.1982,"1,0809","1,0809","1,0809","1,0809","-0,09%"
21.10.1982,"1,0789","1,0789","1,0789","1,0789","-0,19%"
22.10.1982,"1,0773","1,0773","1,0773","1,0773","-0,15%"
25.10.1982,"1,0792","1,0792","1,0792","1,0792","0,18%"
26.10.1982,"1,0805","1,0805","1,0805","1,0805","0,12%"
27.10.1982,"1,0815","1,0815","1,0815","1,0815","0,09%"
28.10.1982,"1,0765","1,0765","1,0765","1,0765","-0,46%"
29.10.1982,"1,0772","1,0772","1,0772","1,0772","0,07%"
01.11.1982,"1,0773","1,0773","1,0773","1,0773","0,01%"
02.11.1982,"1,0774","1,0774","1,0774","1,0774","0,01%"
03.11.1982,"1,0744","1,0744","1,0744","1,0744","-0,28%"
04.11.1982,"1,0610","1,0610","1,0610","1,0610","-1,25%"
05.11.1982,"1,0587","1,0587","1,0587","1,0587","-0,22%"
08.11.1982,"1,0522","1,0522","1,0522","1,0522","-0,61%"
09.11.1982,"1,0503","1,0503","1,0503","1,0503","-0,18%"
10.11.1982,"1,0486","1,0486","1,0486","1,0486","-0,16%"
11.11.1982,"1,0423","1,0423","1,0423","1,0423","-0,60%"
12.11.1982,"1,0421","1,0421","1,0421","1,0421","-0,02%"
15.11.1982,"1,0410","1,0410","1,0410","1,0410","-0,11%"
16.11.1982,"1,0431","1,0431","1,0431","1,0431","0,20%"
17.11.1982,"1,0430","1,0430","1,0430","1,0430","-0,01%"
18.11.1982,"1,0400","1,0400","1,0400","1,0400","-0,29%"
19.11.1982,"1,0408","1,0408","1,0408","1,0408","0,08%"
22.11.1982,"1,0429","1,0429","1,0429","1,0429","0,20%"
23.11.1982,"1,0352","1,0352","1,0352","1,0352","-0,74%"
24.11.1982,"1,0414","1,0414","1,0414","1,0414","0,60%"
25.11.1982,"1,0425","1,0425","1,0425","1,0425","0,11%"
26.11.1982,"1,0410","1,0410","1,0410","1,0410","-0,14%"
29.11.1982,"1,0433","1,0433","1,0433","1,0433","0,22%"
30.11.1982,"1,0457","1,0457","1,0457","1,0457","0,23%"
01.12.1982,"1,0458","1,0458","1,0458","1,0458","0,01%"
02.12.1982,"1,0472","1,0472","1,0472","1,0472","0,13%"
03.12.1982,"1,0498","1,0498","1,0498","1,0498","0,25%"
06.12.1982,"1,0468","1,0468","1,0468","1,0468","-0,29%"
07.12.1982,"1,0462","1,0462","1,0462","1,0462","-0,06%"
08.12.1982,"1,0335","1,0335","1,0335","1,0335","-1,21%"
09.12.1982,"1,0328","1,0328","1,0328","1,0328","-0,07%"
10.12.1982,"1,0301","1,0301","1,0301","1,0301","-0,26%"
13.12.1982,"1,0292","1,0292","1,0292","1,0292","-0,09%"
14.12.1982,"1,0383","1,0383","1,0383","1,0383","0,88%"
15.12.1982,"1,0342","1,0342","1,0342","1,0342","-0,39%"
16.12.1982,"1,0450","1,0450","1,0450","1,0450","1,04%"
17.12.1982,"1,0436","1,0436","1,0436","1,0436","-0,13%"
20.12.1982,"1,0438","1,0438","1,0438","1,0438","0,02%"
21.12.1982,"1,0477","1,0477","1,0477","1,0477","0,37%"
22.12.1982,"1,0461","1,0461","1,0461","1,0461","-0,15%"
23.12.1982,"1,0461","1,0461","1,0461","1,0461","0,00%"
24.12.1982,"1,0501","1,0501","1,0501","1,0501","0,38%"
29.12.1982,"1,0522","1,0522","1,0522","1,0522","0,20%"
30.12.1982,"1,0502","1,0502","1,0502","1,0502","-0,19%"
31.12.1982,"1,0497","1,0497","1,0497","1,0497","-0,05%"
04.01.1983,"1,0506","1,0506","1,0506","1,0506","0,09%"
05.01.1983,"1,0543","1,0543","1,0543","1,0543","0,35%"
06.01.1983,"1,0557","1,0557","1,0557","1,0557","0,13%"
07.01.1983,"1,0615","1,0615","1,0615","1,0615","0,55%"
10.01.1983,"1,0576","1,0576","1,0576","1,0576","-0,37%"
11.01.1983,"1,0504","1,0504","1,0504","1,0504","-0,68%"
12.01.1983,"1,0476","1,0476","1,0476","1,0476","-0,27%"
13.01.1983,"1,0510","1,0510","1,0510","1,0510","0,32%"
14.01.1983,"1,0463","1,0463","1,0463","1,0463","-0,45%"
17.01.1983,"1,0448","1,0448","1,0448","1,0448","-0,14%"
18.01.1983,"1,0284","1,0284","1,0284","1,0284","-1,57%"
19.01.1983,"1,0225","1,0225","1,0225","1,0225","-0,57%"
20.01.1983,"1,0188","1,0188","1,0188","1,0188","-0,36%"
21.01.1983,"1,0103","1,0103","1,0103","1,0103","-0,83%"
24.01.1983,"1,0071","1,0071","1,0071","1,0071","-0,32%"
25.01.1983,"1,0255","1,0255","1,0255","1,0255","1,83%"
26.01.1983,"1,0182","1,0182","1,0182","1,0182","-0,71%"
27.01.1983,"1,0214","1,0214","1,0214","1,0214","0,31%"
28.01.1983,"1,0187","1,0187","1,0187","1,0187","-0,26%"
31.01.1983,"1,0134","1,0134","1,0134","1,0134","-0,52%"
01.02.1983,"1,0135","1,0135","1,0135","1,0135","0,01%"
02.02.1983,"1,0152","1,0152","1,0152","1,0152","0,17%"
03.02.1983,"1,0105","1,0105","1,0105","1,0105","-0,46%"
04.02.1983,"1,0098","1,0098","1,0098","1,0098","-0,07%"
07.02.1983,"1,0682","1,0682","1,0682","1,0682","5,78%"
08.02.1983,"1,0772","1,0772","1,0772","1,0772","0,84%"
09.02.1983,"1,0784","1,0784","1,0784","1,0784","0,11%"
10.02.1983,"1,0809","1,0809","1,0809","1,0809","0,23%"
11.02.1983,"1,0788","1,0788","1,0788","1,0788","-0,19%"
14.02.1983,"1,0788","1,0788","1,0788","1,0788","0,00%"
15.02.1983,"1,0705","1,0705","1,0705","1,0705","-0,77%"
16.02.1983,"1,0677","1,0677","1,0677","1,0677","-0,26%"
17.02.1983,"1,0563","1,0563","1,0563","1,0563","-1,07%"
18.02.1983,"1,0537","1,0537","1,0537","1,0537","-0,25%"
21.02.1983,"1,0460","1,0460","1,0460","1,0460","-0,73%"
22.02.1983,"1,0399","1,0399","1,0399","1,0399","-0,58%"
23.02.1983,"1,0336","1,0336","1,0336","1,0336","-0,61%"
24.02.1983,"1,0396","1,0396","1,0396","1,0396","0,58%"
25.02.1983,"1,0350","1,0350","1,0350","1,0350","-0,44%"
28.02.1983,"1,0346","1,0346","1,0346","1,0346","-0,04%"
01.03.1983,"1,0369","1,0369","1,0369","1,0369","0,22%"
02.03.1983,"1,0405","1,0405","1,0405","1,0405","0,35%"
03.03.1983,"1,0417","1,0417","1,0417","1,0417","0,12%"
04.03.1983,"1,0473","1,0473","1,0473","1,0473","0,54%"
07.03.1983,"1,0502","1,0502","1,0502","1,0502","0,28%"
08.03.1983,"1,0423","1,0423","1,0423","1,0423","-0,75%"
09.03.1983,"1,0440","1,0440","1,0440","1,0440","0,16%"
10.03.1983,"1,0435","1,0435","1,0435","1,0435","-0,05%"
11.03.1983,"1,0421","1,0421","1,0421","1,0421","-0,13%"
14.03.1983,"1,0564","1,0564","1,0564","1,0564","1,37%"
15.03.1983,"1,0516","1,0516","1,0516","1,0516","-0,45%"
16.03.1983,"1,0485","1,0485","1,0485","1,0485","-0,29%"
17.03.1983,"1,0449","1,0449","1,0449","1,0449","-0,34%"
18.03.1983,"1,0371","1,0371","1,0371","1,0371","-0,75%"
21.03.1983,"1,0187","1,0187","1,0187","1,0187","-1,77%"
22.03.1983,"1,0233","1,0233","1,0233","1,0233","0,45%"
23.03.1983,"1,0206","1,0206","1,0206","1,0206","-0,26%"
24.03.1983,"1,0250","1,0250","1,0250","1,0250","0,43%"
25.03.1983,"1,0235","1,0235","1,0235","1,0235","-0,15%"
28.03.1983,"1,0176","1,0176","1,0176","1,0176","-0,58%"
29.03.1983,"1,0219","1,0219","1,0219","1,0219","0,42%"
30.03.1983,"1,0262","1,0262","1,0262","1,0262","0,42%"
31.03.1983,"1,0232","1,0232","1,0232","1,0232","-0,29%"
05.04.1983,"1,0287","1,0287","1,0287","1,0287","0,54%"
06.04.1983,"1,0324","1,0324","1,0324","1,0324","0,36%"
07.04.1983,"1,0285","1,0285","1,0285","1,0285","-0,38%"
08.04.1983,"1,0262","1,0262","1,0262","1,0262","-0,22%"
11.04.1983,"1,0271","1,0271","1,0271","1,0271","0,09%"
12.04.1983,"1,0244","1,0244","1,0244","1,0244","-0,26%"
13.04.1983,"1,0189","1,0189","1,0189","1,0189","-0,54%"
14.04.1983,"1,0169","1,0169","1,0169","1,0169","-0,20%"
15.04.1983,"1,0162","1,0162","1,0162","1,0162","-0,07%"
18.04.1983,"1,0098","1,0098","1,0098","1,0098","-0,63%"
19.04.1983,"1,0101","1,0101","1,0101","1,0101","0,03%"
20.04.1983,"1,0086","1,0086","1,0086","1,0086","-0,15%"
21.04.1983,"1,0111","1,0111","1,0111","1,0111","0,25%"
22.04.1983,"1,0114","1,0114","1,0114","1,0114","0,03%"
25.04.1983,"1,0119","1,0119","1,0119","1,0119","0,05%"
26.04.1983,"1,0059","1,0059","1,0059","1,0059","-0,59%"
27.04.1983,"1,0065","1,0065","1,0065","1,0065","0,06%"
28.04.1983,"1,0015","1,0015","1,0015","1,0015","-0,50%"
29.04.1983,"1,0040","1,0040","1,0040","1,0040","0,25%"
03.05.1983,"1,0034","1,0034","1,0034","1,0034","-0,06%"
04.05.1983,"1,0045","1,0045","1,0045","1,0045","0,11%"
05.05.1983,"1,0063","1,0063","1,0063","1,0063","0,18%"
06.05.1983,"1,0074","1,0074","1,0074","1,0074","0,11%"
09.05.1983,"1,0076","1,0076","1,0076","1,0076","0,02%"
10.05.1983,"1,0070","1,0070","1,0070","1,0070","-0,06%"
11.05.1983,"1,0076","1,0076","1,0076","1,0076","0,06%"
12.05.1983,"1,0064","1,0064","1,0064","1,0064","-0,12%"
13.05.1983,"1,0051","1,0051","1,0051","1,0051","-0,13%"
16.05.1983,"0,9992","0,9992","0,9992","0,9992","-0,59%"
17.05.1983,"0,9968","0,9968","0,9968","0,9968","-0,24%"
18.05.1983,"0,9996","0,9996","0,9996","0,9996","0,28%"
19.05.1983,"0,9937","0,9937","0,9937","0,9937","-0,59%"
20.05.1983,"0,9895","0,9895","0,9895","0,9895","-0,42%"
23.05.1983,"0,9826","0,9826","0,9826","0,9826","-0,70%"
24.05.1983,"0,9822","0,9822","0,9822","0,9822","-0,04%"
25.05.1983,"0,9846","0,9846","0,9846","0,9846","0,24%"
26.05.1983,"0,9791","0,9791","0,9791","0,9791","-0,56%"
27.05.1983,"0,9730","0,9730","0,9730","0,9730","-0,62%"
31.05.1983,"0,9664","0,9664","0,9664","0,9664","-0,68%"
01.06.1983,"0,9633","0,9633","0,9633","0,9633","-0,32%"
02.06.1983,"0,9683","0,9683","0,9683","0,9683","0,52%"
03.06.1983,"0,9679","0,9679","0,9679","0,9679","-0,04%"
06.06.1983,"0,9600","0,9600","0,9600","0,9600","-0,82%"
07.06.1983,"0,9607","0,9607","0,9607","0,9607","0,07%"
08.06.1983,"0,9617","0,9617","0,9617","0,9617","0,10%"
09.06.1983,"0,9646","0,9646","0,9646","0,9646","0,30%"
10.06.1983,"0,9655","0,9655","0,9655","0,9655","0,09%"
13.06.1983,"0,9690","0,9690","0,9690","0,9690","0,36%"
14.06.1983,"0,9680","0,9680","0,9680","0,9680","-0,10%"
15.06.1983,"0,9702","0,9702","0,9702","0,9702","0,23%"
16.06.1983,"0,9740","0,9740","0,9740","0,9740","0,39%"
17.06.1983,"0,9721","0,9721","0,9721","0,9721","-0,20%"
20.06.1983,"0,9706","0,9706","0,9706","0,9706","-0,15%"
21.06.1983,"0,9749","0,9749","0,9749","0,9749","0,44%"
22.06.1983,"0,9816","0,9816","0,9816","0,9816","0,69%"
23.06.1983,"0,9791","0,9791","0,9791","0,9791","-0,25%"
24.06.1983,"0,9761","0,9761","0,9761","0,9761","-0,31%"
27.06.1983,"0,9772","0,9772","0,9772","0,9772","0,11%"
28.06.1983,"0,9716","0,9716","0,9716","0,9716","-0,57%"
29.06.1983,"0,9734","0,9734","0,9734","0,9734","0,19%"
30.06.1983,"0,9736","0,9736","0,9736","0,9736","0,02%"
01.07.1983,"0,9736","0,9736","0,9736","0,9736","0,00%"
04.07.1983,"0,9684","0,9684","0,9684","0,9684","-0,53%"
05.07.1983,"0,9630","0,9630","0,9630","0,9630","-0,56%"
06.07.1983,"0,9629","0,9629","0,9629","0,9629","-0,01%"
07.07.1983,"0,9619","0,9619","0,9619","0,9619","-0,10%"
08.07.1983,"0,9607","0,9607","0,9607","0,9607","-0,12%"
11.07.1983,"0,9586","0,9586","0,9586","0,9586","-0,22%"
12.07.1983,"0,9578","0,9578","0,9578","0,9578","-0,08%"
13.07.1983,"0,9586","0,9586","0,9586","0,9586","0,08%"
14.07.1983,"0,9621","0,9621","0,9621","0,9621","0,37%"
15.07.1983,"0,9529","0,9529","0,9529","0,9529","-0,96%"
18.07.1983,"0,9567","0,9567","0,9567","0,9567","0,40%"
19.07.1983,"0,9558","0,9558","0,9558","0,9558","-0,09%"
20.07.1983,"0,9631","0,9631","0,9631","0,9631","0,76%"
21.07.1983,"0,9590","0,9590","0,9590","0,9590","-0,43%"
22.07.1983,"0,9546","0,9546","0,9546","0,9546","-0,46%"
25.07.1983,"0,9508","0,9508","0,9508","0,9508","-0,40%"
26.07.1983,"0,9500","0,9500","0,9500","0,9500","-0,08%"
27.07.1983,"0,9476","0,9476","0,9476","0,9476","-0,25%"
28.07.1983,"0,9462","0,9462","0,9462","0,9462","-0,15%"
29.07.1983,"0,9301","0,9301","0,9301","0,9301","-1,70%"
01.08.1983,"0,9297","0,9297","0,9297","0,9297","-0,04%"
02.08.1983,"0,9379","0,9379","0,9379","0,9379","0,88%"
03.08.1983,"0,9404","0,9404","0,9404","0,9404","0,27%"
04.08.1983,"0,9408","0,9408","0,9408","0,9408","0,04%"
05.08.1983,"0,9343","0,9343","0,9343","0,9343","-0,69%"
08.08.1983,"0,9314","0,9314","0,9314","0,9314","-0,31%"
09.08.1983,"0,9357","0,9357","0,9357","0,9357","0,46%"
10.08.1983,"0,9317","0,9317","0,9317","0,9317","-0,43%"
11.08.1983,"0,9284","0,9284","0,9284","0,9284","-0,35%"
12.08.1983,"0,9324","0,9324","0,9324","0,9324","0,43%"
15.08.1983,"0,9361","0,9361","0,9361","0,9361","0,40%"
16.08.1983,"0,9469","0,9469","0,9469","0,9469","1,15%"
17.08.1983,"0,9567","0,9567","0,9567","0,9567","1,03%"
18.08.1983,"0,9562","0,9562","0,9562","0,9562","-0,05%"
19.08.1983,"0,9521","0,9521","0,9521","0,9521","-0,43%"
22.08.1983,"0,9578","0,9578","0,9578","0,9578","0,60%"
23.08.1983,"0,9595","0,9595","0,9595","0,9595","0,18%"
24.08.1983,"0,9578","0,9578","0,9578","0,9578","-0,18%"
25.08.1983,"0,9589","0,9589","0,9589","0,9589","0,11%"
26.08.1983,"0,9483","0,9483","0,9483","0,9483","-1,11%"
30.08.1983,"0,9423","0,9423","0,9423","0,9423","-0,63%"
31.08.1983,"0,9426","0,9426","0,9426","0,9426","0,03%"
01.09.1983,"0,9444","0,9444","0,9444","0,9444","0,19%"
02.09.1983,"0,9471","0,9471","0,9471","0,9471","0,29%"
05.09.1983,"0,9508","0,9508","0,9508","0,9508","0,39%"
06.09.1983,"0,9528","0,9528","0,9528","0,9528","0,21%"
07.09.1983,"0,9474","0,9474","0,9474","0,9474","-0,57%"
08.09.1983,"0,9471","0,9471","0,9471","0,9471","-0,03%"
09.09.1983,"0,9477","0,9477","0,9477","0,9477","0,06%"
12.09.1983,"0,9453","0,9453","0,9453","0,9453","-0,25%"
13.09.1983,"0,9297","0,9297","0,9297","0,9297","-1,65%"
14.09.1983,"0,9252","0,9252","0,9252","0,9252","-0,48%"
15.09.1983,"0,9366","0,9366","0,9366","0,9366","1,23%"
16.09.1983,"0,9376","0,9376","0,9376","0,9376","0,11%"
19.09.1983,"0,9372","0,9372","0,9372","0,9372","-0,04%"
20.09.1983,"0,9377","0,9377","0,9377","0,9377","0,05%"
21.09.1983,"0,9343","0,9343","0,9343","0,9343","-0,36%"
22.09.1983,"0,9308","0,9308","0,9308","0,9308","-0,37%"
23.09.1983,"0,9371","0,9371","0,9371","0,9371","0,68%"
26.09.1983,"0,9382","0,9382","0,9382","0,9382","0,12%"
27.09.1983,"0,9339","0,9339","0,9339","0,9339","-0,46%"
28.09.1983,"0,9374","0,9374","0,9374","0,9374","0,37%"
29.09.1983,"0,9351","0,9351","0,9351","0,9351","-0,25%"
30.09.1983,"0,9406","0,9406","0,9406","0,9406","0,59%"
03.10.1983,"0,9463","0,9463","0,9463","0,9463","0,61%"
04.10.1983,"0,9568","0,9568","0,9568","0,9568","1,11%"
05.10.1983,"0,9624","0,9624","0,9624","0,9624","0,59%"
06.10.1983,"0,9646","0,9646","0,9646","0,9646","0,23%"
07.10.1983,"0,9718","0,9718","0,9718","0,9718","0,75%"
10.10.1983,"0,9664","0,9664","0,9664","0,9664","-0,56%"
11.10.1983,"0,9612","0,9612","0,9612","0,9612","-0,54%"
12.10.1983,"0,9588","0,9588","0,9588","0,9588","-0,25%"
13.10.1983,"0,9608","0,9608","0,9608","0,9608","0,21%"
14.10.1983,"0,9576","0,9576","0,9576","0,9576","-0,33%"
17.10.1983,"0,9628","0,9628","0,9628","0,9628","0,54%"
18.10.1983,"0,9677","0,9677","0,9677","0,9677","0,51%"
19.10.1983,"0,9686","0,9686","0,9686","0,9686","0,09%"
20.10.1983,"0,9747","0,9747","0,9747","0,9747","0,63%"
21.10.1983,"0,9776","0,9776","0,9776","0,9776","0,30%"
24.10.1983,"0,9689","0,9689","0,9689","0,9689","-0,89%"
25.10.1983,"0,9707","0,9707","0,9707","0,9707","0,19%"
26.10.1983,"0,9664","0,9664","0,9664","0,9664","-0,44%"
27.10.1983,"0,9778","0,9778","0,9778","0,9778","1,18%"
28.10.1983,"0,9808","0,9808","0,9808","0,9808","0,31%"
31.10.1983,"0,9957","0,9957","0,9957","0,9957","1,52%"
01.11.1983,"0,9787","0,9787","0,9787","0,9787","-1,71%"
02.11.1983,"0,9930","0,9930","0,9930","0,9930","1,46%"
03.11.1983,"0,9731","0,9731","0,9731","0,9731","-2,00%"
04.11.1983,"0,9779","0,9779","0,9779","0,9779","0,49%"
07.11.1983,"0,9818","0,9818","0,9818","0,9818","0,40%"
08.11.1983,"0,9806","0,9806","0,9806","0,9806","-0,12%"
09.11.1983,"0,9877","0,9877","0,9877","0,9877","0,72%"
10.11.1983,"0,9867","0,9867","0,9867","0,9867","-0,10%"
11.11.1983,"0,9812","0,9812","0,9812","0,9812","-0,56%"
14.11.1983,"0,9828","0,9828","0,9828","0,9828","0,16%"
15.11.1983,"0,9884","0,9884","0,9884","0,9884","0,57%"
16.11.1983,"0,9893","0,9893","0,9893","0,9893","0,09%"
17.11.1983,"0,9946","0,9946","0,9946","0,9946","0,54%"
18.11.1983,"0,9957","0,9957","0,9957","0,9957","0,11%"
21.11.1983,"1,0037","1,0037","1,0037","1,0037","0,80%"
22.11.1983,"1,0018","1,0018","1,0018","1,0018","-0,19%"
23.11.1983,"1,0028","1,0028","1,0028","1,0028","0,10%"
24.11.1983,"1,0056","1,0056","1,0056","1,0056","0,28%"
25.11.1983,"1,0046","1,0046","1,0046","1,0046","-0,10%"
28.11.1983,"1,0045","1,0045","1,0045","1,0045","-0,01%"
29.11.1983,"0,9960","0,9960","0,9960","0,9960","-0,85%"
30.11.1983,"0,9940","0,9940","0,9940","0,9940","-0,20%"
01.12.1983,"0,9943","0,9943","0,9943","0,9943","0,03%"
02.12.1983,"0,9938","0,9938","0,9938","0,9938","-0,05%"
05.12.1983,"0,9838","0,9838","0,9838","0,9838","-1,01%"
06.12.1983,"0,9871","0,9871","0,9871","0,9871","0,34%"
07.12.1983,"0,9954","0,9954","0,9954","0,9954","0,84%"
08.12.1983,"0,9962","0,9962","0,9962","0,9962","0,08%"
09.12.1983,"0,9927","0,9927","0,9927","0,9927","-0,35%"
12.12.1983,"0,9885","0,9885","0,9885","0,9885","-0,42%"
13.12.1983,"0,9869","0,9869","0,9869","0,9869","-0,16%"
14.12.1983,"0,9897","0,9897","0,9897","0,9897","0,28%"
15.12.1983,"0,9882","0,9882","0,9882","0,9882","-0,15%"
16.12.1983,"0,9848","0,9848","0,9848","0,9848","-0,34%"
19.12.1983,"0,9862","0,9862","0,9862","0,9862","0,14%"
20.12.1983,"0,9879","0,9879","0,9879","0,9879","0,17%"
21.12.1983,"0,9908","0,9908","0,9908","0,9908","0,29%"
22.12.1983,"0,9910","0,9910","0,9910","0,9910","0,02%"
23.12.1983,"0,9876","0,9876","0,9876","0,9876","-0,34%"
28.12.1983,"0,9919","0,9919","0,9919","0,9919","0,44%"
29.12.1983,"0,9992","0,9992","0,9992","0,9992","0,74%"
30.12.1983,"1,0052","1,0052","1,0052","1,0052","0,60%"
03.01.1984,"0,9992","0,9992","0,9992","0,9992","-0,60%"
04.01.1984,"0,9916","0,9916","0,9916","0,9916","-0,76%"
05.01.1984,"0,9926","0,9926","0,9926","0,9926","0,10%"
06.01.1984,"0,9982","0,9982","0,9982","0,9982","0,56%"
09.01.1984,"1,0094","1,0094","1,0094","1,0094","1,12%"
10.01.1984,"1,0048","1,0048","1,0048","1,0048","-0,46%"
11.01.1984,"0,9987","0,9987","0,9987","0,9987","-0,61%"
12.01.1984,"0,9977","0,9977","0,9977","0,9977","-0,10%"
13.01.1984,"0,9991","0,9991","0,9991","0,9991","0,14%"
16.01.1984,"1,0021","1,0021","1,0021","1,0021","0,30%"
17.01.1984,"0,9962","0,9962","0,9962","0,9962","-0,59%"
18.01.1984,"0,9958","0,9958","0,9958","0,9958","-0,04%"
19.01.1984,"1,0029","1,0029","1,0029","1,0029","0,71%"
20.01.1984,"0,9952","0,9952","0,9952","0,9952","-0,77%"
23.01.1984,"0,9978","0,9978","0,9978","0,9978","0,26%"
24.01.1984,"0,9991","0,9991","0,9991","0,9991","0,13%"
25.01.1984,"1,0033","1,0033","1,0033","1,0033","0,42%"
26.01.1984,"1,0074","1,0074","1,0074","1,0074","0,41%"
27.01.1984,"1,0094","1,0094","1,0094","1,0094","0,20%"
30.01.1984,"1,0111","1,0111","1,0111","1,0111","0,17%"
31.01.1984,"1,0082","1,0082","1,0082","1,0082","-0,29%"
01.02.1984,"1,0103","1,0103","1,0103","1,0103","0,21%"
02.02.1984,"1,0107","1,0107","1,0107","1,0107","0,04%"
03.02.1984,"1,0026","1,0026","1,0026","1,0026","-0,80%"
06.02.1984,"1,0139","1,0139","1,0139","1,0139","1,13%"
07.02.1984,"1,0168","1,0168","1,0168","1,0168","0,29%"
08.02.1984,"1,0126","1,0126","1,0126","1,0126","-0,41%"
09.02.1984,"1,0105","1,0105","1,0105","1,0105","-0,21%"
10.02.1984,"1,0068","1,0068","1,0068","1,0068","-0,37%"
13.02.1984,"1,0124","1,0124","1,0124","1,0124","0,56%"
14.02.1984,"1,0143","1,0143","1,0143","1,0143","0,19%"
15.02.1984,"1,0215","1,0215","1,0215","1,0215","0,71%"
16.02.1984,"1,0280","1,0280","1,0280","1,0280","0,64%"
17.02.1984,"1,0166","1,0166","1,0166","1,0166","-1,11%"
20.02.1984,"1,0167","1,0167","1,0167","1,0167","0,01%"
21.02.1984,"1,0110","1,0110","1,0110","1,0110","-0,56%"
22.02.1984,"1,0213","1,0213","1,0213","1,0213","1,02%"
23.02.1984,"1,0090","1,0090","1,0090","1,0090","-1,20%"
24.02.1984,"1,0169","1,0169","1,0169","1,0169","0,78%"
27.02.1984,"1,0218","1,0218","1,0218","1,0218","0,48%"
28.02.1984,"1,0254","1,0254","1,0254","1,0254","0,35%"
29.02.1984,"1,0272","1,0272","1,0272","1,0272","0,18%"
01.03.1984,"1,0220","1,0220","1,0220","1,0220","-0,51%"
02.03.1984,"1,0348","1,0348","1,0348","1,0348","1,25%"
05.03.1984,"1,0279","1,0279","1,0279","1,0279","-0,67%"
06.03.1984,"1,0335","1,0335","1,0335","1,0335","0,54%"
07.03.1984,"1,0315","1,0315","1,0315","1,0315","-0,19%"
08.03.1984,"1,0312","1,0312","1,0312","1,0312","-0,03%"
09.03.1984,"1,0285","1,0285","1,0285","1,0285","-0,26%"
12.03.1984,"1,0352","1,0352","1,0352","1,0352","0,65%"
13.03.1984,"1,0384","1,0384","1,0384","1,0384","0,31%"
14.03.1984,"1,0433","1,0433","1,0433","1,0433","0,47%"
15.03.1984,"1,0383","1,0383","1,0383","1,0383","-0,48%"
16.03.1984,"1,0387","1,0387","1,0387","1,0387","0,04%"
19.03.1984,"1,0493","1,0493","1,0493","1,0493","1,02%"
20.03.1984,"1,0453","1,0453","1,0453","1,0453","-0,38%"
21.03.1984,"1,0490","1,0490","1,0490","1,0490","0,35%"
22.03.1984,"1,0467","1,0467","1,0467","1,0467","-0,22%"
23.03.1984,"1,0543","1,0543","1,0543","1,0543","0,73%"
26.03.1984,"1,0537","1,0537","1,0537","1,0537","-0,06%"
27.03.1984,"1,0567","1,0567","1,0567","1,0567","0,28%"
28.03.1984,"1,0622","1,0622","1,0622","1,0622","0,52%"
29.03.1984,"1,0672","1,0672","1,0672","1,0672","0,47%"
30.03.1984,"1,0618","1,0618","1,0618","1,0618","-0,51%"
02.04.1984,"1,0638","1,0638","1,0638","1,0638","0,19%"
03.04.1984,"1,0522","1,0522","1,0522","1,0522","-1,09%"
04.04.1984,"1,0646","1,0646","1,0646","1,0646","1,18%"
05.04.1984,"1,0668","1,0668","1,0668","1,0668","0,21%"
06.04.1984,"1,0629","1,0629","1,0629","1,0629","-0,37%"
09.04.1984,"1,0615","1,0615","1,0615","1,0615","-0,13%"
10.04.1984,"1,0584","1,0584","1,0584","1,0584","-0,29%"
11.04.1984,"1,0625","1,0625","1,0625","1,0625","0,39%"
12.04.1984,"1,0582","1,0582","1,0582","1,0582","-0,40%"
13.04.1984,"1,0533","1,0533","1,0533","1,0533","-0,46%"
16.04.1984,"1,0497","1,0497","1,0497","1,0497","-0,34%"
17.04.1984,"1,0540","1,0540","1,0540","1,0540","0,41%"
18.04.1984,"1,0513","1,0513","1,0513","1,0513","-0,26%"
19.04.1984,"1,0482","1,0482","1,0482","1,0482","-0,29%"
24.04.1984,"1,0416","1,0416","1,0416","1,0416","-0,63%"
25.04.1984,"1,0428","1,0428","1,0428","1,0428","0,12%"
26.04.1984,"1,0347","1,0347","1,0347","1,0347","-0,78%"
27.04.1984,"1,0352","1,0352","1,0352","1,0352","0,05%"
30.04.1984,"1,0256","1,0256","1,0256","1,0256","-0,93%"
01.05.1984,"1,0280","1,0280","1,0280","1,0280","0,23%"
02.05.1984,"1,0283","1,0283","1,0283","1,0283","0,03%"
03.05.1984,"1,0299","1,0299","1,0299","1,0299","0,16%"
04.05.1984,"1,0317","1,0317","1,0317","1,0317","0,17%"
08.05.1984,"1,0218","1,0218","1,0218","1,0218","-0,96%"
09.05.1984,"1,0250","1,0250","1,0250","1,0250","0,31%"
10.05.1984,"1,0344","1,0344","1,0344","1,0344","0,92%"
11.05.1984,"1,0420","1,0420","1,0420","1,0420","0,73%"
14.05.1984,"1,0500","1,0500","1,0500","1,0500","0,77%"
15.05.1984,"1,0456","1,0456","1,0456","1,0456","-0,42%"
16.05.1984,"1,0452","1,0452","1,0452","1,0452","-0,04%"
17.05.1984,"1,0418","1,0418","1,0418","1,0418","-0,33%"
18.05.1984,"1,0408","1,0408","1,0408","1,0408","-0,10%"
21.05.1984,"1,0386","1,0386","1,0386","1,0386","-0,21%"
22.05.1984,"1,0401","1,0401","1,0401","1,0401","0,14%"
23.05.1984,"1,0434","1,0434","1,0434","1,0434","0,32%"
24.05.1984,"1,0401","1,0401","1,0401","1,0401","-0,32%"
25.05.1984,"1,0459","1,0459","1,0459","1,0459","0,56%"
29.05.1984,"1,0486","1,0486","1,0486","1,0486","0,26%"
30.05.1984,"1,0491","1,0491","1,0491","1,0491","0,05%"
31.05.1984,"1,0491","1,0491","1,0491","1,0491","0,00%"
01.06.1984,"1,0627","1,0627","1,0627","1,0627","1,30%"
04.06.1984,"1,0544","1,0544","1,0544","1,0544","-0,78%"
05.06.1984,"1,0561","1,0561","1,0561","1,0561","0,16%"
06.06.1984,"1,0579","1,0579","1,0579","1,0579","0,17%"
07.06.1984,"1,0578","1,0578","1,0578","1,0578","-0,01%"
08.06.1984,"1,0617","1,0617","1,0617","1,0617","0,37%"
11.06.1984,"1,0671","1,0671","1,0671","1,0671","0,51%"
12.06.1984,"1,0658","1,0658","1,0658","1,0658","-0,12%"
13.06.1984,"1,0616","1,0616","1,0616","1,0616","-0,39%"
14.06.1984,"1,0621","1,0621","1,0621","1,0621","0,05%"
15.06.1984,"1,0584","1,0584","1,0584","1,0584","-0,35%"
18.06.1984,"1,0584","1,0584","1,0584","1,0584","0,00%"
19.06.1984,"1,0547","1,0547","1,0547","1,0547","-0,35%"
20.06.1984,"1,0512","1,0512","1,0512","1,0512","-0,33%"
21.06.1984,"1,0614","1,0614","1,0614","1,0614","0,97%"
22.06.1984,"1,0597","1,0597","1,0597","1,0597","-0,16%"
25.06.1984,"1,0714","1,0714","1,0714","1,0714","1,10%"
26.06.1984,"1,0772","1,0772","1,0772","1,0772","0,54%"
27.06.1984,"1,0803","1,0803","1,0803","1,0803","0,29%"
28.06.1984,"1,0894","1,0894","1,0894","1,0894","0,84%"
29.06.1984,"1,0921","1,0921","1,0921","1,0921","0,25%"
02.07.1984,"1,0954","1,0954","1,0954","1,0954","0,30%"
03.07.1984,"1,1191","1,1191","1,1191","1,1191","2,16%"
04.07.1984,"1,1352","1,1352","1,1352","1,1352","1,44%"
05.07.1984,"1,1352","1,1352","1,1352","1,1352","0,00%"
06.07.1984,"1,1319","1,1319","1,1319","1,1319","-0,29%"
09.07.1984,"1,1648","1,1648","1,1648","1,1648","2,91%"
10.07.1984,"1,1647","1,1647","1,1647","1,1647","-0,01%"
11.07.1984,"1,1798","1,1798","1,1798","1,1798","1,30%"
12.07.1984,"1,1624","1,1624","1,1624","1,1624","-1,47%"
13.07.1984,"1,1680","1,1680","1,1680","1,1680","0,48%"
16.07.1984,"1,1667","1,1667","1,1667","1,1667","-0,11%"
17.07.1984,"1,1641","1,1641","1,1641","1,1641","-0,22%"
18.07.1984,"1,1625","1,1625","1,1625","1,1625","-0,14%"
19.07.1984,"1,1635","1,1635","1,1635","1,1635","0,09%"
20.07.1984,"1,1665","1,1665","1,1665","1,1665","0,26%"
23.07.1984,"1,2002","1,2002","1,2002","1,2002","2,89%"
24.07.1984,"1,2171","1,2171","1,2171","1,2171","1,41%"
25.07.1984,"1,2318","1,2318","1,2318","1,2318","1,21%"
26.07.1984,"1,2128","1,2128","1,2128","1,2128","-1,54%"
27.07.1984,"1,2314","1,2314","1,2314","1,2314","1,53%"
30.07.1984,"1,2614","1,2614","1,2614","1,2614","2,44%"
31.07.1984,"1,2762","1,2762","1,2762","1,2762","1,17%"
01.08.1984,"1,2793","1,2793","1,2793","1,2793","0,24%"
02.08.1984,"1,2642","1,2642","1,2642","1,2642","-1,18%"
03.08.1984,"1,2776","1,2776","1,2776","1,2776","1,06%"
06.08.1984,"1,2121","1,2121","1,2121","1,2121","-5,13%"
07.08.1984,"1,2387","1,2387","1,2387","1,2387","2,19%"
08.08.1984,"1,2372","1,2372","1,2372","1,2372","-0,12%"
09.08.1984,"1,2251","1,2251","1,2251","1,2251","-0,98%"
10.08.1984,"1,2221","1,2221","1,2221","1,2221","-0,24%"
13.08.1984,"1,2299","1,2299","1,2299","1,2299","0,64%"
14.08.1984,"1,2067","1,2067","1,2067","1,2067","-1,89%"
15.08.1984,"1,2037","1,2037","1,2037","1,2037","-0,25%"
16.08.1984,"1,1941","1,1941","1,1941","1,1941","-0,80%"
17.08.1984,"1,2023","1,2023","1,2023","1,2023","0,69%"
20.08.1984,"1,2022","1,2022","1,2022","1,2022","-0,01%"
21.08.1984,"1,2003","1,2003","1,2003","1,2003","-0,16%"
22.08.1984,"1,2033","1,2033","1,2033","1,2033","0,25%"
23.08.1984,"1,2056","1,2056","1,2056","1,2056","0,19%"
24.08.1984,"1,2090","1,2090","1,2090","1,2090","0,28%"
28.08.1984,"1,2012","1,2012","1,2012","1,2012","-0,65%"
29.08.1984,"1,2089","1,2089","1,2089","1,2089","0,64%"
30.08.1984,"1,2098","1,2098","1,2098","1,2098","0,07%"
31.08.1984,"1,2169","1,2169","1,2169","1,2169","0,59%"
03.09.1984,"1,2189","1,2189","1,2189","1,2189","0,16%"
04.09.1984,"1,2287","1,2287","1,2287","1,2287","0,80%"
05.09.1984,"1,2193","1,2193","1,2193","1,2193","-0,77%"
06.09.1984,"1,2416","1,2416","1,2416","1,2416","1,83%"
07.09.1984,"1,2452","1,2452","1,2452","1,2452","0,29%"
10.09.1984,"1,2398","1,2398","1,2398","1,2398","-0,43%"
11.09.1984,"1,2379","1,2379","1,2379","1,2379","-0,15%"
12.09.1984,"1,2267","1,2267","1,2267","1,2267","-0,90%"
13.09.1984,"1,2248","1,2248","1,2248","1,2248","-0,15%"
14.09.1984,"1,2231","1,2231","1,2231","1,2231","-0,14%"
17.09.1984,"1,2253","1,2253","1,2253","1,2253","0,18%"
18.09.1984,"1,2277","1,2277","1,2277","1,2277","0,20%"
19.09.1984,"1,2091","1,2091","1,2091","1,2091","-1,52%"
20.09.1984,"1,2105","1,2105","1,2105","1,2105","0,12%"
21.09.1984,"1,2229","1,2229","1,2229","1,2229","1,02%"
24.09.1984,"1,2192","1,2192","1,2192","1,2192","-0,30%"
25.09.1984,"1,2237","1,2237","1,2237","1,2237","0,37%"
26.09.1984,"1,2256","1,2256","1,2256","1,2256","0,16%"
27.09.1984,"1,2308","1,2308","1,2308","1,2308","0,42%"
28.09.1984,"1,2203","1,2203","1,2203","1,2203","-0,85%"
01.10.1984,"1,2285","1,2285","1,2285","1,2285","0,67%"
02.10.1984,"1,2305","1,2305","1,2305","1,2305","0,16%"
03.10.1984,"1,2357","1,2357","1,2357","1,2357","0,42%"
04.10.1984,"1,2373","1,2373","1,2373","1,2373","0,13%"
05.10.1984,"1,2336","1,2336","1,2336","1,2336","-0,30%"
08.10.1984,"1,2497","1,2497","1,2497","1,2497","1,31%"
09.10.1984,"1,2507","1,2507","1,2507","1,2507","0,08%"
10.10.1984,"1,2433","1,2433","1,2433","1,2433","-0,59%"
11.10.1984,"1,2490","1,2490","1,2490","1,2490","0,46%"
12.10.1984,"1,2558","1,2558","1,2558","1,2558","0,54%"
15.10.1984,"1,2569","1,2569","1,2569","1,2569","0,09%"
16.10.1984,"1,2768","1,2768","1,2768","1,2768","1,58%"
17.10.1984,"1,2841","1,2841","1,2841","1,2841","0,57%"
18.10.1984,"1,2863","1,2863","1,2863","1,2863","0,17%"
19.10.1984,"1,2934","1,2934","1,2934","1,2934","0,55%"
22.10.1984,"1,3086","1,3086","1,3086","1,3086","1,18%"
23.10.1984,"1,3029","1,3029","1,3029","1,3029","-0,44%"
24.10.1984,"1,3140","1,3140","1,3140","1,3140","0,85%"
25.10.1984,"1,3348","1,3348","1,3348","1,3348","1,58%"
26.10.1984,"1,3279","1,3279","1,3279","1,3279","-0,52%"
29.10.1984,"1,3820","1,3820","1,3820","1,3820","4,07%"
30.10.1984,"1,4060","1,4060","1,4060","1,4060","1,74%"
31.10.1984,"1,3879","1,3879","1,3879","1,3879","-1,29%"
01.11.1984,"1,4257","1,4257","1,4257","1,4257","2,72%"
02.11.1984,"1,4101","1,4101","1,4101","1,4101","-1,09%"
05.11.1984,"1,3630","1,3630","1,3630","1,3630","-3,34%"
06.11.1984,"1,3729","1,3729","1,3729","1,3729","0,73%"
07.11.1984,"1,3252","1,3252","1,3252","1,3252","-3,47%"
08.11.1984,"1,3310","1,3310","1,3310","1,3310","0,44%"
09.11.1984,"1,3392","1,3392","1,3392","1,3392","0,62%"
12.11.1984,"1,3219","1,3219","1,3219","1,3219","-1,29%"
13.11.1984,"1,3142","1,3142","1,3142","1,3142","-0,58%"
14.11.1984,"1,3212","1,3212","1,3212","1,3212","0,53%"
15.11.1984,"1,3269","1,3269","1,3269","1,3269","0,43%"
16.11.1984,"1,3286","1,3286","1,3286","1,3286","0,13%"
19.11.1984,"1,3347","1,3347","1,3347","1,3347","0,46%"
20.11.1984,"1,3257","1,3257","1,3257","1,3257","-0,67%"
21.11.1984,"1,3244","1,3244","1,3244","1,3244","-0,10%"
22.11.1984,"1,3280","1,3280","1,3280","1,3280","0,27%"
23.11.1984,"1,3242","1,3242","1,3242","1,3242","-0,29%"
26.11.1984,"1,3284","1,3284","1,3284","1,3284","0,32%"
27.11.1984,"1,3432","1,3432","1,3432","1,3432","1,11%"
28.11.1984,"1,3416","1,3416","1,3416","1,3416","-0,12%"
29.11.1984,"1,3420","1,3420","1,3420","1,3420","0,03%"
30.11.1984,"1,3421","1,3421","1,3421","1,3421","0,01%"
03.12.1984,"1,3394","1,3394","1,3394","1,3394","-0,20%"
04.12.1984,"1,3414","1,3414","1,3414","1,3414","0,15%"
05.12.1984,"1,3319","1,3319","1,3319","1,3319","-0,71%"
06.12.1984,"1,3348","1,3348","1,3348","1,3348","0,22%"
07.12.1984,"1,3206","1,3206","1,3206","1,3206","-1,06%"
10.12.1984,"1,3249","1,3249","1,3249","1,3249","0,33%"
11.12.1984,"1,3373","1,3373","1,3373","1,3373","0,94%"
12.12.1984,"1,3302","1,3302","1,3302","1,3302","-0,53%"
13.12.1984,"1,3353","1,3353","1,3353","1,3353","0,38%"
14.12.1984,"1,3512","1,3512","1,3512","1,3512","1,19%"
17.12.1984,"1,3739","1,3739","1,3739","1,3739","1,68%"
18.12.1984,"1,4064","1,4064","1,4064","1,4064","2,37%"
19.12.1984,"1,3912","1,3912","1,3912","1,3912","-1,08%"
20.12.1984,"1,4087","1,4087","1,4087","1,4087","1,26%"
21.12.1984,"1,4038","1,4038","1,4038","1,4038","-0,35%"
24.12.1984,"1,4043","1,4043","1,4043","1,4043","0,04%"
27.12.1984,"1,4023","1,4023","1,4023","1,4023","-0,14%"
28.12.1984,"1,4117","1,4117","1,4117","1,4117","0,67%"
31.12.1984,"1,4114","1,4114","1,4114","1,4114","-0,02%"
02.01.1985,"1,4197","1,4197","1,4197","1,4197","0,59%"
03.01.1985,"1,4435","1,4435","1,4435","1,4435","1,68%"
04.01.1985,"1,4434","1,4434","1,4434","1,4434","-0,01%"
07.01.1985,"1,4782","1,4782","1,4782","1,4782","2,41%"
08.01.1985,"1,4799","1,4799","1,4799","1,4799","0,12%"
09.01.1985,"1,5153","1,5153","1,5153","1,5153","2,39%"
10.01.1985,"1,5053","1,5053","1,5053","1,5053","-0,66%"
11.01.1985,"1,5434","1,5434","1,5434","1,5434","2,53%"
14.01.1985,"1,5719","1,5719","1,5719","1,5719","1,85%"
15.01.1985,"1,6380","1,6380","1,6380","1,6380","4,21%"
16.01.1985,"1,6168","1,6168","1,6168","1,6168","-1,29%"
17.01.1985,"1,6255","1,6255","1,6255","1,6255","0,54%"
18.01.1985,"1,6295","1,6295","1,6295","1,6295","0,25%"
21.01.1985,"1,6313","1,6313","1,6313","1,6313","0,11%"
22.01.1985,"1,6320","1,6320","1,6320","1,6320","0,04%"
23.01.1985,"1,6243","1,6243","1,6243","1,6243","-0,47%"
24.01.1985,"1,6333","1,6333","1,6333","1,6333","0,55%"
25.01.1985,"1,5886","1,5886","1,5886","1,5886","-2,74%"
28.01.1985,"1,5016","1,5016","1,5016","1,5016","-5,48%"
29.01.1985,"1,4483","1,4483","1,4483","1,4483","-3,55%"
30.01.1985,"1,4025","1,4025","1,4025","1,4025","-3,16%"
31.01.1985,"1,4000","1,4000","1,4000","1,4000","-0,18%"
01.02.1985,"1,4011","1,4011","1,4011","1,4011","0,08%"
04.02.1985,"1,4046","1,4046","1,4046","1,4046","0,25%"
05.02.1985,"1,4125","1,4125","1,4125","1,4125","0,56%"
06.02.1985,"1,3679","1,3679","1,3679","1,3679","-3,16%"
07.02.1985,"1,2829","1,2829","1,2829","1,2829","-6,21%"
08.02.1985,"1,3010","1,3010","1,3010","1,3010","1,41%"
11.02.1985,"1,2709","1,2709","1,2709","1,2709","-2,31%"
12.02.1985,"1,2606","1,2606","1,2606","1,2606","-0,81%"
13.02.1985,"1,2507","1,2507","1,2507","1,2507","-0,79%"
14.02.1985,"1,2759","1,2759","1,2759","1,2759","2,01%"
15.02.1985,"1,2839","1,2839","1,2839","1,2839","0,63%"
18.02.1985,"1,2923","1,2923","1,2923","1,2923","0,65%"
19.02.1985,"1,3241","1,3241","1,3241","1,3241","2,46%"
20.02.1985,"1,3398","1,3398","1,3398","1,3398","1,19%"
21.02.1985,"1,3474","1,3474","1,3474","1,3474","0,57%"
22.02.1985,"1,3539","1,3539","1,3539","1,3539","0,48%"
25.02.1985,"1,3837","1,3837","1,3837","1,3837","2,20%"
26.02.1985,"1,3919","1,3919","1,3919","1,3919","0,59%"
27.02.1985,"1,3339","1,3339","1,3339","1,3339","-4,17%"
28.02.1985,"1,3563","1,3563","1,3563","1,3563","1,68%"
01.03.1985,"1,3786","1,3786","1,3786","1,3786","1,64%"
04.03.1985,"1,3763","1,3763","1,3763","1,3763","-0,17%"
05.03.1985,"1,3515","1,3515","1,3515","1,3515","-1,80%"
06.03.1985,"1,3282","1,3282","1,3282","1,3282","-1,72%"
07.03.1985,"1,3628","1,3628","1,3628","1,3628","2,61%"
08.03.1985,"1,3653","1,3653","1,3653","1,3653","0,18%"
11.03.1985,"1,3379","1,3379","1,3379","1,3379","-2,01%"
12.03.1985,"1,3365","1,3365","1,3365","1,3365","-0,10%"
13.03.1985,"1,3274","1,3274","1,3274","1,3274","-0,68%"
14.03.1985,"1,3523","1,3523","1,3523","1,3523","1,88%"
15.03.1985,"1,3635","1,3635","1,3635","1,3635","0,83%"
18.03.1985,"1,2790","1,2790","1,2790","1,2790","-6,20%"
19.03.1985,"1,2923","1,2923","1,2923","1,2923","1,04%"
20.03.1985,"1,3231","1,3231","1,3231","1,3231","2,38%"
21.03.1985,"1,3513","1,3513","1,3513","1,3513","2,13%"
22.03.1985,"1,3441","1,3441","1,3441","1,3441","-0,53%"
25.03.1985,"1,3699","1,3699","1,3699","1,3699","1,92%"
26.03.1985,"1,3820","1,3820","1,3820","1,3820","0,88%"
27.03.1985,"1,3574","1,3574","1,3574","1,3574","-1,78%"
28.03.1985,"1,3635","1,3635","1,3635","1,3635","0,45%"
29.03.1985,"1,3733","1,3733","1,3733","1,3733","0,72%"
01.04.1985,"1,3861","1,3861","1,3861","1,3861","0,93%"
02.04.1985,"1,3916","1,3916","1,3916","1,3916","0,40%"
03.04.1985,"1,4014","1,4014","1,4014","1,4014","0,70%"
04.04.1985,"1,4024","1,4024","1,4024","1,4024","0,07%"
09.04.1985,"1,3927","1,3927","1,3927","1,3927","-0,69%"
10.04.1985,"1,4101","1,4101","1,4101","1,4101","1,25%"
11.04.1985,"1,3873","1,3873","1,3873","1,3873","-1,62%"
12.04.1985,"1,3772","1,3772","1,3772","1,3772","-0,73%"
15.04.1985,"1,3904","1,3904","1,3904","1,3904","0,96%"
16.04.1985,"1,3839","1,3839","1,3839","1,3839","-0,47%"
17.04.1985,"1,4091","1,4091","1,4091","1,4091","1,82%"
18.04.1985,"1,4026","1,4026","1,4026","1,4026","-0,46%"
19.04.1985,"1,4122","1,4122","1,4122","1,4122","0,68%"
22.04.1985,"1,4175","1,4175","1,4175","1,4175","0,38%"
23.04.1985,"1,3935","1,3935","1,3935","1,3935","-1,69%"
24.04.1985,"1,3896","1,3896","1,3896","1,3896","-0,28%"
25.04.1985,"1,3795","1,3795","1,3795","1,3795","-0,73%"
26.04.1985,"1,3898","1,3898","1,3898","1,3898","0,75%"
29.04.1985,"1,3929","1,3929","1,3929","1,3929","0,22%"
30.04.1985,"1,3918","1,3918","1,3918","1,3918","-0,08%"
01.05.1985,"1,3990","1,3990","1,3990","1,3990","0,52%"
02.05.1985,"1,4040","1,4040","1,4040","1,4040","0,36%"
03.05.1985,"1,3882","1,3882","1,3882","1,3882","-1,13%"
07.05.1985,"1,4066","1,4066","1,4066","1,4066","1,33%"
08.05.1985,"1,4026","1,4026","1,4026","1,4026","-0,28%"
09.05.1985,"1,4151","1,4151","1,4151","1,4151","0,89%"
10.05.1985,"1,4199","1,4199","1,4199","1,4199","0,34%"
13.05.1985,"1,4200","1,4200","1,4200","1,4200","0,01%"
14.05.1985,"1,4319","1,4319","1,4319","1,4319","0,84%"
15.05.1985,"1,4293","1,4293","1,4293","1,4293","-0,18%"
16.05.1985,"1,4167","1,4167","1,4167","1,4167","-0,88%"
17.05.1985,"1,4369","1,4369","1,4369","1,4369","1,43%"
20.05.1985,"1,4509","1,4509","1,4509","1,4509","0,97%"
21.05.1985,"1,4307","1,4307","1,4307","1,4307","-1,39%"
22.05.1985,"1,4384","1,4384","1,4384","1,4384","0,54%"
23.05.1985,"1,4372","1,4372","1,4372","1,4372","-0,08%"
24.05.1985,"1,4348","1,4348","1,4348","1,4348","-0,17%"
28.05.1985,"1,4308","1,4308","1,4308","1,4308","-0,28%"
29.05.1985,"1,4428","1,4428","1,4428","1,4428","0,84%"
30.05.1985,"1,4428","1,4428","1,4428","1,4428","0,00%"
31.05.1985,"1,4543","1,4543","1,4543","1,4543","0,80%"
03.06.1985,"1,4432","1,4432","1,4432","1,4432","-0,76%"
04.06.1985,"1,4480","1,4480","1,4480","1,4480","0,33%"
05.06.1985,"1,4445","1,4445","1,4445","1,4445","-0,24%"
06.06.1985,"1,4516","1,4516","1,4516","1,4516","0,49%"
07.06.1985,"1,4419","1,4419","1,4419","1,4419","-0,67%"
10.06.1985,"1,4340","1,4340","1,4340","1,4340","-0,55%"
11.06.1985,"1,4405","1,4405","1,4405","1,4405","0,45%"
12.06.1985,"1,4348","1,4348","1,4348","1,4348","-0,40%"
13.06.1985,"1,4255","1,4255","1,4255","1,4255","-0,65%"
14.06.1985,"1,4321","1,4321","1,4321","1,4321","0,46%"
17.06.1985,"1,4342","1,4342","1,4342","1,4342","0,15%"
18.06.1985,"1,4277","1,4277","1,4277","1,4277","-0,45%"
19.06.1985,"1,4259","1,4259","1,4259","1,4259","-0,13%"
20.06.1985,"1,4175","1,4175","1,4175","1,4175","-0,59%"
21.06.1985,"1,4254","1,4254","1,4254","1,4254","0,56%"
24.06.1985,"1,4286","1,4286","1,4286","1,4286","0,22%"
25.06.1985,"1,4220","1,4220","1,4220","1,4220","-0,46%"
26.06.1985,"1,4363","1,4363","1,4363","1,4363","1,01%"
27.06.1985,"1,4348","1,4348","1,4348","1,4348","-0,10%"
28.06.1985,"1,4417","1,4417","1,4417","1,4417","0,48%"
01.07.1985,"1,4406","1,4406","1,4406","1,4406","-0,08%"
02.07.1985,"1,4455","1,4455","1,4455","1,4455","0,34%"
03.07.1985,"1,4509","1,4509","1,4509","1,4509","0,37%"
04.07.1985,"1,4501","1,4501","1,4501","1,4501","-0,06%"
05.07.1985,"1,4525","1,4525","1,4525","1,4525","0,17%"
08.07.1985,"1,4582","1,4582","1,4582","1,4582","0,39%"
09.07.1985,"1,4526","1,4526","1,4526","1,4526","-0,38%"
10.07.1985,"1,4547","1,4547","1,4547","1,4547","0,14%"
11.07.1985,"1,4622","1,4622","1,4622","1,4622","0,52%"
12.07.1985,"1,4836","1,4836","1,4836","1,4836","1,46%"
15.07.1985,"1,4720","1,4720","1,4720","1,4720","-0,78%"
16.07.1985,"1,4630","1,4630","1,4630","1,4630","-0,61%"
17.07.1985,"1,4588","1,4588","1,4588","1,4588","-0,29%"
18.07.1985,"1,4411","1,4411","1,4411","1,4411","-1,21%"
19.07.1985,"1,4466","1,4466","1,4466","1,4466","0,38%"
22.07.1985,"1,4606","1,4606","1,4606","1,4606","0,97%"
23.07.1985,"1,4686","1,4686","1,4686","1,4686","0,55%"
24.07.1985,"1,4529","1,4529","1,4529","1,4529","-1,07%"
25.07.1985,"1,5407","1,5407","1,5407","1,5407","6,04%"
26.07.1985,"1,5612","1,5612","1,5612","1,5612","1,33%"
29.07.1985,"1,5960","1,5960","1,5960","1,5960","2,23%"
30.07.1985,"1,6054","1,6054","1,6054","1,6054","0,59%"
31.07.1985,"1,7114","1,7114","1,7114","1,7114","6,60%"
01.08.1985,"1,7233","1,7233","1,7233","1,7233","0,70%"
02.08.1985,"1,6999","1,6999","1,6999","1,6999","-1,36%"
05.08.1985,"1,7270","1,7270","1,7270","1,7270","1,59%"
06.08.1985,"1,7483","1,7483","1,7483","1,7483","1,23%"
07.08.1985,"1,7227","1,7227","1,7227","1,7227","-1,46%"
08.08.1985,"1,6587","1,6587","1,6587","1,6587","-3,72%"
09.08.1985,"1,6857","1,6857","1,6857","1,6857","1,63%"
12.08.1985,"1,6338","1,6338","1,6338","1,6338","-3,08%"
13.08.1985,"1,7349","1,7349","1,7349","1,7349","6,19%"
14.08.1985,"1,7774","1,7774","1,7774","1,7774","2,45%"
15.08.1985,"1,7602","1,7602","1,7602","1,7602","-0,97%"
16.08.1985,"1,9417","1,9417","1,9417","1,9417","10,31%"
19.08.1985,"1,8979","1,8979","1,8979","1,8979","-2,26%"
20.08.1985,"1,9159","1,9159","1,9159","1,9159","0,95%"
21.08.1985,"1,9806","1,9806","1,9806","1,9806","3,38%"
22.08.1985,"1,9932","1,9932","1,9932","1,9932","0,64%"
23.08.1985,"2,0044","2,0044","2,0044","2,0044","0,56%"
27.08.1985,"2,1928","2,1928","2,1928","2,1928","9,40%"
28.08.1985,"2,2017","2,2017","2,2017","2,2017","0,41%"
29.08.1985,"2,1931","2,1931","2,1931","2,1931","-0,39%"
30.08.1985,"2,1756","2,1756","2,1756","2,1756","-0,80%"
02.09.1985,"1,9990","1,9990","1,9990","1,9990","-8,12%"
03.09.1985,"1,9858","1,9858","1,9858","1,9858","-0,66%"
04.09.1985,"1,9349","1,9349","1,9349","1,9349","-2,56%"
05.09.1985,"1,9475","1,9475","1,9475","1,9475","0,65%"
06.09.1985,"1,9450","1,9450","1,9450","1,9450","-0,13%"
09.09.1985,"1,9362","1,9362","1,9362","1,9362","-0,45%"
10.09.1985,"1,8712","1,8712","1,8712","1,8712","-3,36%"
11.09.1985,"1,8119","1,8119","1,8119","1,8119","-3,17%"
12.09.1985,"1,8620","1,8620","1,8620","1,8620","2,77%"
13.09.1985,"1,8339","1,8339","1,8339","1,8339","-1,51%"
16.09.1985,"1,8538","1,8538","1,8538","1,8538","1,09%"
17.09.1985,"1,8627","1,8627","1,8627","1,8627","0,48%"
18.09.1985,"1,9443","1,9443","1,9443","1,9443","4,38%"
19.09.1985,"2,0017","2,0017","2,0017","2,0017","2,95%"
20.09.1985,"2,0084","2,0084","2,0084","2,0084","0,33%"
23.09.1985,"2,0362","2,0362","2,0362","2,0362","1,38%"
24.09.1985,"2,0672","2,0672","2,0672","2,0672","1,52%"
25.09.1985,"2,0723","2,0723","2,0723","2,0723","0,25%"
26.09.1985,"2,0602","2,0602","2,0602","2,0602","-0,58%"
27.09.1985,"2,0612","2,0612","2,0612","2,0612","0,05%"
30.09.1985,"2,0957","2,0957","2,0957","2,0957","1,67%"
01.10.1985,"2,0714","2,0714","2,0714","2,0714","-1,16%"
02.10.1985,"2,0765","2,0765","2,0765","2,0765","0,25%"
03.10.1985,"2,0740","2,0740","2,0740","2,0740","-0,12%"
04.10.1985,"2,0920","2,0920","2,0920","2,0920","0,87%"
07.10.1985,"2,1780","2,1780","2,1780","2,1780","4,11%"
08.10.1985,"2,1605","2,1605","2,1605","2,1605","-0,80%"
09.10.1985,"2,1885","2,1885","2,1885","2,1885","1,30%"
10.10.1985,"2,1788","2,1788","2,1788","2,1788","-0,44%"
11.10.1985,"2,1704","2,1704","2,1704","2,1704","-0,39%"
14.10.1985,"2,1836","2,1836","2,1836","2,1836","0,61%"
15.10.1985,"2,1815","2,1815","2,1815","2,1815","-0,10%"
16.10.1985,"2,2468","2,2468","2,2468","2,2468","2,99%"
17.10.1985,"2,1705","2,1705","2,1705","2,1705","-3,40%"
18.10.1985,"2,1823","2,1823","2,1823","2,1823","0,54%"
21.10.1985,"2,1470","2,1470","2,1470","2,1470","-1,62%"
22.10.1985,"2,1399","2,1399","2,1399","2,1399","-0,33%"
23.10.1985,"2,1359","2,1359","2,1359","2,1359","-0,19%"
24.10.1985,"2,1394","2,1394","2,1394","2,1394","0,16%"
25.10.1985,"2,1461","2,1461","2,1461","2,1461","0,31%"
28.10.1985,"2,1504","2,1504","2,1504","2,1504","0,20%"
29.10.1985,"2,1502","2,1502","2,1502","2,1502","-0,01%"
30.10.1985,"2,1410","2,1410","2,1410","2,1410","-0,43%"
31.10.1985,"2,1611","2,1611","2,1611","2,1611","0,94%"
01.11.1985,"2,1664","2,1664","2,1664","2,1664","0,25%"
04.11.1985,"2,1686","2,1686","2,1686","2,1686","0,10%"
05.11.1985,"2,1759","2,1759","2,1759","2,1759","0,34%"
06.11.1985,"2,1844","2,1844","2,1844","2,1844","0,39%"
07.11.1985,"2,1886","2,1886","2,1886","2,1886","0,19%"
08.11.1985,"2,2231","2,2231","2,2231","2,2231","1,58%"
11.11.1985,"2,2332","2,2332","2,2332","2,2332","0,45%"
12.11.1985,"2,2534","2,2534","2,2534","2,2534","0,90%"
13.11.1985,"2,2495","2,2495","2,2495","2,2495","-0,17%"
14.11.1985,"2,2512","2,2512","2,2512","2,2512","0,08%"
15.11.1985,"2,2469","2,2469","2,2469","2,2469","-0,19%"
18.11.1985,"2,2508","2,2508","2,2508","2,2508","0,17%"
19.11.1985,"2,2575","2,2575","2,2575","2,2575","0,30%"
20.11.1985,"2,2563","2,2563","2,2563","2,2563","-0,05%"
21.11.1985,"2,2597","2,2597","2,2597","2,2597","0,15%"
22.11.1985,"2,2698","2,2698","2,2698","2,2698","0,45%"
25.11.1985,"2,2747","2,2747","2,2747","2,2747","0,22%"
26.11.1985,"2,2551","2,2551","2,2551","2,2551","-0,86%"
27.11.1985,"2,2812","2,2812","2,2812","2,2812","1,16%"
28.11.1985,"2,3159","2,3159","2,3159","2,3159","1,52%"
29.11.1985,"2,3462","2,3462","2,3462","2,3462","1,31%"
02.12.1985,"2,3954","2,3954","2,3954","2,3954","2,10%"
03.12.1985,"2,3882","2,3882","2,3882","2,3882","-0,30%"
04.12.1985,"2,4070","2,4070","2,4070","2,4070","0,79%"
05.12.1985,"2,4001","2,4001","2,4001","2,4001","-0,29%"
06.12.1985,"2,3325","2,3325","2,3325","2,3325","-2,82%"
09.12.1985,"2,3058","2,3058","2,3058","2,3058","-1,14%"
10.12.1985,"2,2981","2,2981","2,2981","2,2981","-0,33%"
11.12.1985,"2,2859","2,2859","2,2859","2,2859","-0,53%"
12.12.1985,"2,2930","2,2930","2,2930","2,2930","0,31%"
13.12.1985,"2,2977","2,2977","2,2977","2,2977","0,20%"
16.12.1985,"2,2916","2,2916","2,2916","2,2916","-0,27%"
17.12.1985,"2,3354","2,3354","2,3354","2,3354","1,91%"
18.12.1985,"2,3263","2,3263","2,3263","2,3263","-0,39%"
19.12.1985,"2,3266","2,3266","2,3266","2,3266","0,01%"
20.12.1985,"2,3167","2,3167","2,3167","2,3167","-0,43%"
23.12.1985,"2,3202","2,3202","2,3202","2,3202","0,15%"
24.12.1985,"2,3133","2,3133","2,3133","2,3133","-0,30%"
27.12.1985,"2,3239","2,3239","2,3239","2,3239","0,46%"
30.12.1985,"2,2884","2,2884","2,2884","2,2884","-1,53%"
31.12.1985,"2,2771","2,2771","2,2771","2,2771","-0,49%"
02.01.1986,"2,2695","2,2695","2,2695","2,2695","-0,33%"
03.01.1986,"2,2433","2,2433","2,2433","2,2433","-1,15%"
06.01.1986,"2,2492","2,2492","2,2492","2,2492","0,26%"
07.01.1986,"2,2254","2,2254","2,2254","2,2254","-1,06%"
08.01.1986,"2,1964","2,1964","2,1964","2,1964","-1,30%"
09.01.1986,"2,1600","2,1600","2,1600","2,1600","-1,66%"
10.01.1986,"2,1192","2,1192","2,1192","2,1192","-1,89%"
13.01.1986,"2,0778","2,0778","2,0778","2,0778","-1,95%"
14.01.1986,"2,0754","2,0754","2,0754","2,0754","-0,12%"
15.01.1986,"2,0877","2,0877","2,0877","2,0877","0,59%"
16.01.1986,"2,0352","2,0352","2,0352","2,0352","-2,51%"
17.01.1986,"2,0302","2,0302","2,0302","2,0302","-0,25%"
20.01.1986,"2,0212","2,0212","2,0212","2,0212","-0,44%"
21.01.1986,"2,0255","2,0255","2,0255","2,0255","0,21%"
22.01.1986,"2,0374","2,0374","2,0374","2,0374","0,59%"
23.01.1986,"2,0242","2,0242","2,0242","2,0242","-0,65%"
24.01.1986,"2,0295","2,0295","2,0295","2,0295","0,26%"
27.01.1986,"2,0166","2,0166","2,0166","2,0166","-0,64%"
28.01.1986,"2,0820","2,0820","2,0820","2,0820","3,24%"
29.01.1986,"2,0866","2,0866","2,0866","2,0866","0,22%"
30.01.1986,"2,0846","2,0846","2,0846","2,0846","-0,10%"
31.01.1986,"2,0771","2,0771","2,0771","2,0771","-0,36%"
03.02.1986,"2,0382","2,0382","2,0382","2,0382","-1,87%"
04.02.1986,"1,9872","1,9872","1,9872","1,9872","-2,50%"
05.02.1986,"1,9978","1,9978","1,9978","1,9978","0,53%"
06.02.1986,"1,9609","1,9609","1,9609","1,9609","-1,85%"
07.02.1986,"1,9266","1,9266","1,9266","1,9266","-1,75%"
10.02.1986,"1,9875","1,9875","1,9875","1,9875","3,16%"
11.02.1986,"1,9731","1,9731","1,9731","1,9731","-0,72%"
12.02.1986,"1,9605","1,9605","1,9605","1,9605","-0,64%"
13.02.1986,"1,9454","1,9454","1,9454","1,9454","-0,77%"
14.02.1986,"1,9417","1,9417","1,9417","1,9417","-0,19%"
17.02.1986,"1,9310","1,9310","1,9310","1,9310","-0,55%"
18.02.1986,"1,9154","1,9154","1,9154","1,9154","-0,81%"
19.02.1986,"1,9026","1,9026","1,9026","1,9026","-0,67%"
20.02.1986,"1,9109","1,9109","1,9109","1,9109","0,44%"
21.02.1986,"1,8919","1,8919","1,8919","1,8919","-0,99%"
24.02.1986,"1,8903","1,8903","1,8903","1,8903","-0,08%"
25.02.1986,"1,9031","1,9031","1,9031","1,9031","0,68%"
26.02.1986,"1,9323","1,9323","1,9323","1,9323","1,53%"
27.02.1986,"1,9336","1,9336","1,9336","1,9336","0,07%"
28.02.1986,"1,9313","1,9313","1,9313","1,9313","-0,12%"
03.03.1986,"1,9393","1,9393","1,9393","1,9393","0,41%"
04.03.1986,"1,9525","1,9525","1,9525","1,9525","0,68%"
05.03.1986,"1,9240","1,9240","1,9240","1,9240","-1,46%"
06.03.1986,"1,9221","1,9221","1,9221","1,9221","-0,10%"
07.03.1986,"1,9390","1,9390","1,9390","1,9390","0,88%"
10.03.1986,"1,8902","1,8902","1,8902","1,8902","-2,52%"
11.03.1986,"1,9027","1,9027","1,9027","1,9027","0,66%"
12.03.1986,"1,8922","1,8922","1,8922","1,8922","-0,55%"
13.03.1986,"1,8846","1,8846","1,8846","1,8846","-0,40%"
14.03.1986,"1,9164","1,9164","1,9164","1,9164","1,69%"
17.03.1986,"1,9313","1,9313","1,9313","1,9313","0,78%"
18.03.1986,"1,9315","1,9315","1,9315","1,9315","0,01%"
19.03.1986,"1,9520","1,9520","1,9520","1,9520","1,06%"
20.03.1986,"2,0043","2,0043","2,0043","2,0043","2,68%"
21.03.1986,"2,0118","2,0118","2,0118","2,0118","0,37%"
24.03.1986,"1,9922","1,9922","1,9922","1,9922","-0,97%"
25.03.1986,"1,9979","1,9979","1,9979","1,9979","0,29%"
26.03.1986,"1,9886","1,9886","1,9886","1,9886","-0,47%"
27.03.1986,"1,9648","1,9648","1,9648","1,9648","-1,20%"
01.04.1986,"1,9919","1,9919","1,9919","1,9919","1,38%"
02.04.1986,"1,9675","1,9675","1,9675","1,9675","-1,22%"
03.04.1986,"1,9519","1,9519","1,9519","1,9519","-0,79%"
04.04.1986,"1,8694","1,8694","1,8694","1,8694","-4,23%"
07.04.1986,"1,8714","1,8714","1,8714","1,8714","0,11%"
08.04.1986,"1,8787","1,8787","1,8787","1,8787","0,39%"
09.04.1986,"1,8996","1,8996","1,8996","1,8996","1,11%"
10.04.1986,"1,8986","1,8986","1,8986","1,8986","-0,05%"
11.04.1986,"1,8976","1,8976","1,8976","1,8976","-0,05%"
14.04.1986,"1,8857","1,8857","1,8857","1,8857","-0,63%"
15.04.1986,"1,8882","1,8882","1,8882","1,8882","0,13%"
16.04.1986,"1,9129","1,9129","1,9129","1,9129","1,31%"
17.04.1986,"1,9417","1,9417","1,9417","1,9417","1,51%"
18.04.1986,"1,9411","1,9411","1,9411","1,9411","-0,03%"
21.04.1986,"1,9489","1,9489","1,9489","1,9489","0,40%"
22.04.1986,"1,9582","1,9582","1,9582","1,9582","0,48%"
23.04.1986,"1,9794","1,9794","1,9794","1,9794","1,08%"
24.04.1986,"2,0144","2,0144","2,0144","2,0144","1,77%"
25.04.1986,"2,0220","2,0220","2,0220","2,0220","0,38%"
28.04.1986,"2,0318","2,0318","2,0318","2,0318","0,48%"
29.04.1986,"2,0345","2,0345","2,0345","2,0345","0,13%"
30.04.1986,"2,0423","2,0423","2,0423","2,0423","0,38%"
01.05.1986,"2,0252","2,0252","2,0252","2,0252","-0,84%"
02.05.1986,"2,0295","2,0295","2,0295","2,0295","0,21%"
06.05.1986,"2,0391","2,0391","2,0391","2,0391","0,47%"
07.05.1986,"2,0923","2,0923","2,0923","2,0923","2,61%"
08.05.1986,"2,0882","2,0882","2,0882","2,0882","-0,20%"
09.05.1986,"2,0669","2,0669","2,0669","2,0669","-1,02%"
12.05.1986,"2,0382","2,0382","2,0382","2,0382","-1,39%"
13.05.1986,"2,0900","2,0900","2,0900","2,0900","2,54%"
14.05.1986,"2,1114","2,1114","2,1114","2,1114","1,02%"
15.05.1986,"2,0941","2,0941","2,0941","2,0941","-0,82%"
16.05.1986,"2,0945","2,0945","2,0945","2,0945","0,02%"
19.05.1986,"2,1270","2,1270","2,1270","2,1270","1,55%"
20.05.1986,"2,1574","2,1574","2,1574","2,1574","1,43%"
21.05.1986,"2,1227","2,1227","2,1227","2,1227","-1,61%"
22.05.1986,"2,1340","2,1340","2,1340","2,1340","0,53%"
23.05.1986,"2,1374","2,1374","2,1374","2,1374","0,16%"
27.05.1986,"2,1845","2,1845","2,1845","2,1845","2,20%"
28.05.1986,"2,1690","2,1690","2,1690","2,1690","-0,71%"
29.05.1986,"2,1516","2,1516","2,1516","2,1516","-0,80%"
30.05.1986,"2,1726","2,1726","2,1726","2,1726","0,98%"
02.06.1986,"2,2561","2,2561","2,2561","2,2561","3,84%"
03.06.1986,"2,2921","2,2921","2,2921","2,2921","1,60%"
04.06.1986,"2,3848","2,3848","2,3848","2,3848","4,04%"
05.06.1986,"2,3990","2,3990","2,3990","2,3990","0,60%"
06.06.1986,"2,4106","2,4106","2,4106","2,4106","0,48%"
09.06.1986,"2,4974","2,4974","2,4974","2,4974","3,60%"
10.06.1986,"2,5259","2,5259","2,5259","2,5259","1,14%"
11.06.1986,"2,6164","2,6164","2,6164","2,6164","3,58%"
12.06.1986,"2,6578","2,6578","2,6578","2,6578","1,58%"
13.06.1986,"2,6830","2,6830","2,6830","2,6830","0,95%"
16.06.1986,"2,4902","2,4902","2,4902","2,4902","-7,19%"
17.06.1986,"2,3488","2,3488","2,3488","2,3488","-5,68%"
18.06.1986,"2,2515","2,2515","2,2515","2,2515","-4,14%"
19.06.1986,"2,3075","2,3075","2,3075","2,3075","2,49%"
20.06.1986,"2,3301","2,3301","2,3301","2,3301","0,98%"
23.06.1986,"2,4634","2,4634","2,4634","2,4634","5,72%"
24.06.1986,"2,4838","2,4838","2,4838","2,4838","0,83%"
25.06.1986,"2,4445","2,4445","2,4445","2,4445","-1,58%"
26.06.1986,"2,4470","2,4470","2,4470","2,4470","0,10%"
27.06.1986,"2,4368","2,4368","2,4368","2,4368","-0,42%"
30.06.1986,"2,4292","2,4292","2,4292","2,4292","-0,31%"
01.07.1986,"2,4498","2,4498","2,4498","2,4498","0,85%"
02.07.1986,"2,4851","2,4851","2,4851","2,4851","1,44%"
03.07.1986,"2,4756","2,4756","2,4756","2,4756","-0,38%"
04.07.1986,"2,5098","2,5098","2,5098","2,5098","1,38%"
07.07.1986,"2,4922","2,4922","2,4922","2,4922","-0,70%"
08.07.1986,"2,4822","2,4822","2,4822","2,4822","-0,40%"
09.07.1986,"2,5010","2,5010","2,5010","2,5010","0,76%"
10.07.1986,"2,4913","2,4913","2,4913","2,4913","-0,39%"
11.07.1986,"2,5144","2,5144","2,5144","2,5144","0,93%"
14.07.1986,"2,5628","2,5628","2,5628","2,5628","1,92%"
15.07.1986,"2,5609","2,5609","2,5609","2,5609","-0,07%"
16.07.1986,"2,5484","2,5484","2,5484","2,5484","-0,49%"
17.07.1986,"2,5412","2,5412","2,5412","2,5412","-0,28%"
18.07.1986,"2,5629","2,5629","2,5629","2,5629","0,85%"
21.07.1986,"2,4911","2,4911","2,4911","2,4911","-2,80%"
22.07.1986,"2,4783","2,4783","2,4783","2,4783","-0,51%"
23.07.1986,"2,5060","2,5060","2,5060","2,5060","1,12%"
24.07.1986,"2,4891","2,4891","2,4891","2,4891","-0,67%"
25.07.1986,"2,5389","2,5389","2,5389","2,5389","2,00%"
28.07.1986,"2,5618","2,5618","2,5618","2,5618","0,90%"
29.07.1986,"2,5518","2,5518","2,5518","2,5518","-0,39%"
30.07.1986,"2,6226","2,6226","2,6226","2,6226","2,77%"
31.07.1986,"2,5818","2,5818","2,5818","2,5818","-1,56%"
01.08.1986,"2,5346","2,5346","2,5346","2,5346","-1,83%"
04.08.1986,"2,5703","2,5703","2,5703","2,5703","1,41%"
05.08.1986,"2,6432","2,6432","2,6432","2,6432","2,84%"
06.08.1986,"2,6681","2,6681","2,6681","2,6681","0,94%"
07.08.1986,"2,6570","2,6570","2,6570","2,6570","-0,42%"
08.08.1986,"2,6776","2,6776","2,6776","2,6776","0,78%"
11.08.1986,"2,6065","2,6065","2,6065","2,6065","-2,66%"
12.08.1986,"2,6698","2,6698","2,6698","2,6698","2,43%"
13.08.1986,"2,6678","2,6678","2,6678","2,6678","-0,07%"
14.08.1986,"2,6384","2,6384","2,6384","2,6384","-1,10%"
15.08.1986,"2,6352","2,6352","2,6352","2,6352","-0,12%"
18.08.1986,"2,6813","2,6813","2,6813","2,6813","1,75%"
19.08.1986,"2,6814","2,6814","2,6814","2,6814","0,00%"
20.08.1986,"2,6645","2,6645","2,6645","2,6645","-0,63%"
21.08.1986,"2,6653","2,6653","2,6653","2,6653","0,03%"
22.08.1986,"2,6876","2,6876","2,6876","2,6876","0,84%"
26.08.1986,"2,6850","2,6850","2,6850","2,6850","-0,10%"
27.08.1986,"2,6693","2,6693","2,6693","2,6693","-0,58%"
28.08.1986,"2,6587","2,6587","2,6587","2,6587","-0,40%"
29.08.1986,"2,6380","2,6380","2,6380","2,6380","-0,78%"
01.09.1986,"2,5713","2,5713","2,5713","2,5713","-2,53%"
02.09.1986,"2,5146","2,5146","2,5146","2,5146","-2,21%"
03.09.1986,"2,4326","2,4326","2,4326","2,4326","-3,26%"
04.09.1986,"2,4448","2,4448","2,4448","2,4448","0,50%"
05.09.1986,"2,4044","2,4044","2,4044","2,4044","-1,65%"
08.09.1986,"2,4376","2,4376","2,4376","2,4376","1,38%"
09.09.1986,"2,4277","2,4277","2,4277","2,4277","-0,41%"
10.09.1986,"2,3888","2,3888","2,3888","2,3888","-1,60%"
11.09.1986,"2,4226","2,4226","2,4226","2,4226","1,41%"
12.09.1986,"2,4094","2,4094","2,4094","2,4094","-0,54%"
15.09.1986,"2,3727","2,3727","2,3727","2,3727","-1,52%"
16.09.1986,"2,3645","2,3645","2,3645","2,3645","-0,35%"
17.09.1986,"2,3880","2,3880","2,3880","2,3880","0,99%"
18.09.1986,"2,3368","2,3368","2,3368","2,3368","-2,14%"
19.09.1986,"2,2617","2,2617","2,2617","2,2617","-3,21%"
22.09.1986,"2,2662","2,2662","2,2662","2,2662","0,20%"
23.09.1986,"2,2835","2,2835","2,2835","2,2835","0,76%"
24.09.1986,"2,2732","2,2732","2,2732","2,2732","-0,45%"
25.09.1986,"2,2865","2,2865","2,2865","2,2865","0,59%"
26.09.1986,"2,2882","2,2882","2,2882","2,2882","0,07%"
29.09.1986,"2,2729","2,2729","2,2729","2,2729","-0,67%"
30.09.1986,"2,2842","2,2842","2,2842","2,2842","0,50%"
01.10.1986,"2,3040","2,3040","2,3040","2,3040","0,87%"
02.10.1986,"2,3179","2,3179","2,3179","2,3179","0,60%"
03.10.1986,"2,3085","2,3085","2,3085","2,3085","-0,41%"
06.10.1986,"2,2947","2,2947","2,2947","2,2947","-0,60%"
07.10.1986,"2,3020","2,3020","2,3020","2,3020","0,32%"
08.10.1986,"2,3052","2,3052","2,3052","2,3052","0,14%"
09.10.1986,"2,3293","2,3293","2,3293","2,3293","1,05%"
10.10.1986,"2,3378","2,3378","2,3378","2,3378","0,36%"
13.10.1986,"2,3409","2,3409","2,3409","2,3409","0,13%"
14.10.1986,"2,3463","2,3463","2,3463","2,3463","0,23%"
15.10.1986,"2,3621","2,3621","2,3621","2,3621","0,67%"
16.10.1986,"2,3462","2,3462","2,3462","2,3462","-0,67%"
17.10.1986,"2,3418","2,3418","2,3418","2,3418","-0,19%"
20.10.1986,"2,3429","2,3429","2,3429","2,3429","0,05%"
21.10.1986,"2,3420","2,3420","2,3420","2,3420","-0,04%"
22.10.1986,"2,3355","2,3355","2,3355","2,3355","-0,28%"
23.10.1986,"2,2930","2,2930","2,2930","2,2930","-1,82%"
24.10.1986,"2,2951","2,2951","2,2951","2,2951","0,09%"
27.10.1986,"2,3264","2,3264","2,3264","2,3264","1,36%"
28.10.1986,"2,3229","2,3229","2,3229","2,3229","-0,15%"
29.10.1986,"2,2948","2,2948","2,2948","2,2948","-1,21%"
30.10.1986,"2,2986","2,2986","2,2986","2,2986","0,17%"
31.10.1986,"2,3036","2,3036","2,3036","2,3036","0,22%"
03.11.1986,"2,3151","2,3151","2,3151","2,3151","0,50%"
04.11.1986,"2,2855","2,2855","2,2855","2,2855","-1,28%"
05.11.1986,"2,2918","2,2918","2,2918","2,2918","0,28%"
06.11.1986,"2,2946","2,2946","2,2946","2,2946","0,12%"
07.11.1986,"2,3079","2,3079","2,3079","2,3079","0,58%"
10.11.1986,"2,3113","2,3113","2,3113","2,3113","0,15%"
11.11.1986,"2,3190","2,3190","2,3190","2,3190","0,33%"
12.11.1986,"2,3150","2,3150","2,3150","2,3150","-0,17%"
13.11.1986,"2,3216","2,3216","2,3216","2,3216","0,29%"
14.11.1986,"2,2864","2,2864","2,2864","2,2864","-1,52%"
17.11.1986,"2,2967","2,2967","2,2967","2,2967","0,45%"
18.11.1986,"2,3101","2,3101","2,3101","2,3101","0,58%"
19.11.1986,"2,3061","2,3061","2,3061","2,3061","-0,17%"
20.11.1986,"2,2996","2,2996","2,2996","2,2996","-0,28%"
21.11.1986,"2,2893","2,2893","2,2893","2,2893","-0,45%"
24.11.1986,"2,3438","2,3438","2,3438","2,3438","2,38%"
25.11.1986,"2,3481","2,3481","2,3481","2,3481","0,18%"
26.11.1986,"2,3292","2,3292","2,3292","2,3292","-0,80%"
27.11.1986,"2,3484","2,3484","2,3484","2,3484","0,82%"
28.11.1986,"2,3367","2,3367","2,3367","2,3367","-0,50%"
01.12.1986,"2,3096","2,3096","2,3096","2,3096","-1,16%"
02.12.1986,"2,3074","2,3074","2,3074","2,3074","-0,10%"
03.12.1986,"2,3023","2,3023","2,3023","2,3023","-0,22%"
04.12.1986,"2,2906","2,2906","2,2906","2,2906","-0,51%"
05.12.1986,"2,2709","2,2709","2,2709","2,2709","-0,86%"
08.12.1986,"2,2780","2,2780","2,2780","2,2780","0,31%"
09.12.1986,"2,2935","2,2935","2,2935","2,2935","0,68%"
10.12.1986,"2,2956","2,2956","2,2956","2,2956","0,09%"
11.12.1986,"2,2871","2,2871","2,2871","2,2871","-0,37%"
12.12.1986,"2,3008","2,3008","2,3008","2,3008","0,60%"
15.12.1986,"2,2914","2,2914","2,2914","2,2914","-0,41%"
16.12.1986,"2,2956","2,2956","2,2956","2,2956","0,18%"
17.12.1986,"2,3059","2,3059","2,3059","2,3059","0,45%"
18.12.1986,"2,3081","2,3081","2,3081","2,3081","0,10%"
19.12.1986,"2,3389","2,3389","2,3389","2,3389","1,33%"
22.12.1986,"2,3358","2,3358","2,3358","2,3358","-0,13%"
23.12.1986,"2,3295","2,3295","2,3295","2,3295","-0,27%"
29.12.1986,"2,3484","2,3484","2,3484","2,3484","0,81%"
30.12.1986,"2,3668","2,3668","2,3668","2,3668","0,78%"
02.01.1987,"2,3367","2,3367","2,3367","2,3367","-1,27%"
05.01.1987,"2,3239","2,3239","2,3239","2,3239","-0,55%"
06.01.1987,"2,3261","2,3261","2,3261","2,3261","0,09%"
07.01.1987,"2,3157","2,3157","2,3157","2,3157","-0,45%"
08.01.1987,"2,3032","2,3032","2,3032","2,3032","-0,54%"
09.01.1987,"2,3038","2,3038","2,3038","2,3038","0,03%"
12.01.1987,"2,2918","2,2918","2,2918","2,2918","-0,52%"
13.01.1987,"2,2916","2,2916","2,2916","2,2916","-0,01%"
14.01.1987,"2,2970","2,2970","2,2970","2,2970","0,24%"
15.01.1987,"2,3173","2,3173","2,3173","2,3173","0,88%"
16.01.1987,"2,3123","2,3123","2,3123","2,3123","-0,22%"
19.01.1987,"2,3241","2,3241","2,3241","2,3241","0,51%"
20.01.1987,"2,3266","2,3266","2,3266","2,3266","0,11%"
21.01.1987,"2,3375","2,3375","2,3375","2,3375","0,47%"
22.01.1987,"2,3392","2,3392","2,3392","2,3392","0,07%"
23.01.1987,"2,3477","2,3477","2,3477","2,3477","0,36%"
26.01.1987,"2,3438","2,3438","2,3438","2,3438","-0,17%"
27.01.1987,"2,3528","2,3528","2,3528","2,3528","0,38%"
28.01.1987,"2,3549","2,3549","2,3549","2,3549","0,09%"
29.01.1987,"2,3687","2,3687","2,3687","2,3687","0,59%"
30.01.1987,"2,3389","2,3389","2,3389","2,3389","-1,26%"
02.02.1987,"2,3439","2,3439","2,3439","2,3439","0,21%"
03.02.1987,"2,3627","2,3627","2,3627","2,3627","0,80%"
04.02.1987,"2,3667","2,3667","2,3667","2,3667","0,17%"
05.02.1987,"2,3310","2,3310","2,3310","2,3310","-1,51%"
06.02.1987,"2,3364","2,3364","2,3364","2,3364","0,23%"
09.02.1987,"2,3635","2,3635","2,3635","2,3635","1,16%"
10.02.1987,"2,3668","2,3668","2,3668","2,3668","0,14%"
11.02.1987,"2,3591","2,3591","2,3591","2,3591","-0,33%"
12.02.1987,"2,3504","2,3504","2,3504","2,3504","-0,37%"
13.02.1987,"2,3674","2,3674","2,3674","2,3674","0,72%"
16.02.1987,"2,3654","2,3654","2,3654","2,3654","-0,08%"
17.02.1987,"2,3681","2,3681","2,3681","2,3681","0,11%"
18.02.1987,"2,3632","2,3632","2,3632","2,3632","-0,21%"
19.02.1987,"2,3640","2,3640","2,3640","2,3640","0,03%"
20.02.1987,"2,3488","2,3488","2,3488","2,3488","-0,64%"
23.02.1987,"2,3474","2,3474","2,3474","2,3474","-0,06%"
24.02.1987,"2,3526","2,3526","2,3526","2,3526","0,22%"
25.02.1987,"2,3443","2,3443","2,3443","2,3443","-0,35%"
26.02.1987,"2,3462","2,3462","2,3462","2,3462","0,08%"
27.02.1987,"2,3478","2,3478","2,3478","2,3478","0,07%"
02.03.1987,"2,3493","2,3493","2,3493","2,3493","0,06%"
03.03.1987,"2,3424","2,3424","2,3424","2,3424","-0,29%"
04.03.1987,"2,3453","2,3453","2,3453","2,3453","0,12%"
05.03.1987,"2,3478","2,3478","2,3478","2,3478","0,11%"
06.03.1987,"2,3470","2,3470","2,3470","2,3470","-0,03%"
09.03.1987,"2,3289","2,3289","2,3289","2,3289","-0,77%"
10.03.1987,"2,3430","2,3430","2,3430","2,3430","0,61%"
11.03.1987,"2,3460","2,3460","2,3460","2,3460","0,13%"
12.03.1987,"2,3426","2,3426","2,3426","2,3426","-0,14%"
13.03.1987,"2,3438","2,3438","2,3438","2,3438","0,05%"
16.03.1987,"2,3602","2,3602","2,3602","2,3602","0,70%"
17.03.1987,"2,3612","2,3612","2,3612","2,3612","0,04%"
18.03.1987,"2,3575","2,3575","2,3575","2,3575","-0,16%"
19.03.1987,"2,3637","2,3637","2,3637","2,3637","0,26%"
20.03.1987,"2,3629","2,3629","2,3629","2,3629","-0,03%"
23.03.1987,"2,3631","2,3631","2,3631","2,3631","0,01%"
24.03.1987,"2,3523","2,3523","2,3523","2,3523","-0,46%"
25.03.1987,"2,3151","2,3151","2,3151","2,3151","-1,58%"
26.03.1987,"2,3307","2,3307","2,3307","2,3307","0,67%"
27.03.1987,"2,3272","2,3272","2,3272","2,3272","-0,15%"
30.03.1987,"2,3134","2,3134","2,3134","2,3134","-0,59%"
31.03.1987,"2,3180","2,3180","2,3180","2,3180","0,20%"
01.04.1987,"2,3111","2,3111","2,3111","2,3111","-0,30%"
02.04.1987,"2,3385","2,3385","2,3385","2,3385","1,19%"
03.04.1987,"2,3176","2,3176","2,3176","2,3176","-0,89%"
06.04.1987,"2,3125","2,3125","2,3125","2,3125","-0,22%"
07.04.1987,"2,3163","2,3163","2,3163","2,3163","0,16%"
08.04.1987,"2,3225","2,3225","2,3225","2,3225","0,27%"
09.04.1987,"2,3284","2,3284","2,3284","2,3284","0,25%"
10.04.1987,"2,3232","2,3232","2,3232","2,3232","-0,22%"
13.04.1987,"2,3154","2,3154","2,3154","2,3154","-0,34%"
14.04.1987,"2,3112","2,3112","2,3112","2,3112","-0,18%"
15.04.1987,"2,2910","2,2910","2,2910","2,2910","-0,87%"
16.04.1987,"2,3132","2,3132","2,3132","2,3132","0,97%"
21.04.1987,"2,2911","2,2911","2,2911","2,2911","-0,96%"
22.04.1987,"2,2997","2,2997","2,2997","2,2997","0,38%"
23.04.1987,"2,3201","2,3201","2,3201","2,3201","0,89%"
24.04.1987,"2,3373","2,3373","2,3373","2,3373","0,74%"
27.04.1987,"2,3104","2,3104","2,3104","2,3104","-1,15%"
28.04.1987,"2,3196","2,3196","2,3196","2,3196","0,40%"
29.04.1987,"2,3290","2,3290","2,3290","2,3290","0,41%"
30.04.1987,"2,3218","2,3218","2,3218","2,3218","-0,31%"
01.05.1987,"2,3384","2,3384","2,3384","2,3384","0,71%"
04.05.1987,"2,3355","2,3355","2,3355","2,3355","-0,12%"
05.05.1987,"2,3378","2,3378","2,3378","2,3378","0,10%"
06.05.1987,"2,3496","2,3496","2,3496","2,3496","0,50%"
07.05.1987,"2,3389","2,3389","2,3389","2,3389","-0,46%"
08.05.1987,"2,3360","2,3360","2,3360","2,3360","-0,12%"
11.05.1987,"2,3391","2,3391","2,3391","2,3391","0,13%"
12.05.1987,"2,3298","2,3298","2,3298","2,3298","-0,40%"
13.05.1987,"2,3266","2,3266","2,3266","2,3266","-0,14%"
14.05.1987,"2,3389","2,3389","2,3389","2,3389","0,53%"
15.05.1987,"2,3322","2,3322","2,3322","2,3322","-0,29%"
18.05.1987,"2,3238","2,3238","2,3238","2,3238","-0,36%"
19.05.1987,"2,3372","2,3372","2,3372","2,3372","0,58%"
20.05.1987,"2,3310","2,3310","2,3310","2,3310","-0,27%"
21.05.1987,"2,3292","2,3292","2,3292","2,3292","-0,08%"
22.05.1987,"2,3254","2,3254","2,3254","2,3254","-0,16%"
25.05.1987,"2,3314","2,3314","2,3314","2,3314","0,26%"
26.05.1987,"2,3049","2,3049","2,3049","2,3049","-1,14%"
27.05.1987,"2,3099","2,3099","2,3099","2,3099","0,22%"
28.05.1987,"2,3089","2,3089","2,3089","2,3089","-0,04%"
29.05.1987,"2,3037","2,3037","2,3037","2,3037","-0,23%"
01.06.1987,"2,3026","2,3026","2,3026","2,3026","-0,05%"
02.06.1987,"2,3386","2,3386","2,3386","2,3386","1,56%"
03.06.1987,"2,3086","2,3086","2,3086","2,3086","-1,28%"
04.06.1987,"2,3059","2,3059","2,3059","2,3059","-0,12%"
05.06.1987,"2,2996","2,2996","2,2996","2,2996","-0,27%"
08.06.1987,"2,3024","2,3024","2,3024","2,3024","0,12%"
09.06.1987,"2,3242","2,3242","2,3242","2,3242","0,95%"
10.06.1987,"2,3244","2,3244","2,3244","2,3244","0,01%"
11.06.1987,"2,3157","2,3157","2,3157","2,3157","-0,37%"
12.06.1987,"2,3050","2,3050","2,3050","2,3050","-0,46%"
15.06.1987,"2,2953","2,2953","2,2953","2,2953","-0,42%"
16.06.1987,"2,2965","2,2965","2,2965","2,2965","0,05%"
17.06.1987,"2,2854","2,2854","2,2854","2,2854","-0,48%"
18.06.1987,"2,2919","2,2919","2,2919","2,2919","0,28%"
19.06.1987,"2,2949","2,2949","2,2949","2,2949","0,13%"
22.06.1987,"2,3022","2,3022","2,3022","2,3022","0,32%"
23.06.1987,"2,3051","2,3051","2,3051","2,3051","0,13%"
24.06.1987,"2,3235","2,3235","2,3235","2,3235","0,80%"
25.06.1987,"2,3190","2,3190","2,3190","2,3190","-0,19%"
26.06.1987,"2,3210","2,3210","2,3210","2,3210","0,09%"
29.06.1987,"2,3133","2,3133","2,3133","2,3133","-0,33%"
30.06.1987,"2,3194","2,3194","2,3194","2,3194","0,26%"
01.07.1987,"2,3178","2,3178","2,3178","2,3178","-0,07%"
02.07.1987,"2,3158","2,3158","2,3158","2,3158","-0,09%"
03.07.1987,"2,3189","2,3189","2,3189","2,3189","0,13%"
06.07.1987,"2,3249","2,3249","2,3249","2,3249","0,26%"
07.07.1987,"2,3125","2,3125","2,3125","2,3125","-0,53%"
08.07.1987,"2,3095","2,3095","2,3095","2,3095","-0,13%"
09.07.1987,"2,3166","2,3166","2,3166","2,3166","0,31%"
10.07.1987,"2,3180","2,3180","2,3180","2,3180","0,06%"
13.07.1987,"2,3160","2,3160","2,3160","2,3160","-0,09%"
14.07.1987,"2,3038","2,3038","2,3038","2,3038","-0,53%"
15.07.1987,"2,3187","2,3187","2,3187","2,3187","0,65%"
16.07.1987,"2,3209","2,3209","2,3209","2,3209","0,09%"
17.07.1987,"2,3128","2,3128","2,3128","2,3128","-0,35%"
20.07.1987,"2,3095","2,3095","2,3095","2,3095","-0,14%"
21.07.1987,"2,3208","2,3208","2,3208","2,3208","0,49%"
22.07.1987,"2,3097","2,3097","2,3097","2,3097","-0,48%"
23.07.1987,"2,3128","2,3128","2,3128","2,3128","0,13%"
24.07.1987,"2,3205","2,3205","2,3205","2,3205","0,33%"
27.07.1987,"2,3149","2,3149","2,3149","2,3149","-0,24%"
28.07.1987,"2,3162","2,3162","2,3162","2,3162","0,06%"
29.07.1987,"2,3139","2,3139","2,3139","2,3139","-0,10%"
30.07.1987,"2,3197","2,3197","2,3197","2,3197","0,25%"
31.07.1987,"2,3120","2,3120","2,3120","2,3120","-0,33%"
03.08.1987,"2,2813","2,2813","2,2813","2,2813","-1,33%"
04.08.1987,"2,2817","2,2817","2,2817","2,2817","0,02%"
05.08.1987,"2,2845","2,2845","2,2845","2,2845","0,12%"
06.08.1987,"2,2816","2,2816","2,2816","2,2816","-0,13%"
07.08.1987,"2,2873","2,2873","2,2873","2,2873","0,25%"
10.08.1987,"2,3081","2,3081","2,3081","2,3081","0,91%"
11.08.1987,"2,3095","2,3095","2,3095","2,3095","0,06%"
12.08.1987,"2,3106","2,3106","2,3106","2,3106","0,05%"
13.08.1987,"2,3144","2,3144","2,3144","2,3144","0,16%"
14.08.1987,"2,3134","2,3134","2,3134","2,3134","-0,04%"
17.08.1987,"2,3384","2,3384","2,3384","2,3384","1,08%"
18.08.1987,"2,3340","2,3340","2,3340","2,3340","-0,19%"
19.08.1987,"2,3433","2,3433","2,3433","2,3433","0,40%"
20.08.1987,"2,3373","2,3373","2,3373","2,3373","-0,26%"
21.08.1987,"2,3375","2,3375","2,3375","2,3375","0,01%"
24.08.1987,"2,3342","2,3342","2,3342","2,3342","-0,14%"
25.08.1987,"2,3279","2,3279","2,3279","2,3279","-0,27%"
26.08.1987,"2,3463","2,3463","2,3463","2,3463","0,79%"
27.08.1987,"2,3530","2,3530","2,3530","2,3530","0,29%"
28.08.1987,"2,3326","2,3326","2,3326","2,3326","-0,87%"
31.08.1987,"2,3221","2,3221","2,3221","2,3221","-0,45%"
01.09.1987,"2,3332","2,3332","2,3332","2,3332","0,48%"
02.09.1987,"2,3483","2,3483","2,3483","2,3483","0,65%"
03.09.1987,"2,3408","2,3408","2,3408","2,3408","-0,32%"
04.09.1987,"2,3411","2,3411","2,3411","2,3411","0,01%"
07.09.1987,"2,3434","2,3434","2,3434","2,3434","0,10%"
08.09.1987,"2,3390","2,3390","2,3390","2,3390","-0,19%"
09.09.1987,"2,3313","2,3313","2,3313","2,3313","-0,33%"
10.09.1987,"2,3379","2,3379","2,3379","2,3379","0,28%"
11.09.1987,"2,3297","2,3297","2,3297","2,3297","-0,35%"
14.09.1987,"2,3399","2,3399","2,3399","2,3399","0,44%"
15.09.1987,"2,3471","2,3471","2,3471","2,3471","0,31%"
16.09.1987,"2,3417","2,3417","2,3417","2,3417","-0,23%"
17.09.1987,"2,3379","2,3379","2,3379","2,3379","-0,16%"
18.09.1987,"2,3469","2,3469","2,3469","2,3469","0,38%"
21.09.1987,"2,3499","2,3499","2,3499","2,3499","0,13%"
22.09.1987,"2,3337","2,3337","2,3337","2,3337","-0,69%"
23.09.1987,"2,3347","2,3347","2,3347","2,3347","0,04%"
24.09.1987,"2,3487","2,3487","2,3487","2,3487","0,60%"
25.09.1987,"2,3442","2,3442","2,3442","2,3442","-0,19%"
28.09.1987,"2,3411","2,3411","2,3411","2,3411","-0,13%"
29.09.1987,"2,3451","2,3451","2,3451","2,3451","0,17%"
30.09.1987,"2,3437","2,3437","2,3437","2,3437","-0,06%"
01.10.1987,"2,3520","2,3520","2,3520","2,3520","0,35%"
02.10.1987,"2,3399","2,3399","2,3399","2,3399","-0,51%"
05.10.1987,"2,3544","2,3544","2,3544","2,3544","0,62%"
06.10.1987,"2,3358","2,3358","2,3358","2,3358","-0,79%"
07.10.1987,"2,3520","2,3520","2,3520","2,3520","0,69%"
08.10.1987,"2,3622","2,3622","2,3622","2,3622","0,43%"
09.10.1987,"2,3591","2,3591","2,3591","2,3591","-0,13%"
12.10.1987,"2,3566","2,3566","2,3566","2,3566","-0,11%"
13.10.1987,"2,3560","2,3560","2,3560","2,3560","-0,03%"
14.10.1987,"2,3638","2,3638","2,3638","2,3638","0,33%"
15.10.1987,"2,3598","2,3598","2,3598","2,3598","-0,17%"
16.10.1987,"2,3700","2,3700","2,3700","2,3700","0,43%"
19.10.1987,"2,3517","2,3517","2,3517","2,3517","-0,77%"
20.10.1987,"2,3503","2,3503","2,3503","2,3503","-0,06%"
21.10.1987,"2,3433","2,3433","2,3433","2,3433","-0,30%"
22.10.1987,"2,3442","2,3442","2,3442","2,3442","0,04%"
23.10.1987,"2,3818","2,3818","2,3818","2,3818","1,60%"
26.10.1987,"2,3644","2,3644","2,3644","2,3644","-0,73%"
27.10.1987,"2,3827","2,3827","2,3827","2,3827","0,77%"
28.10.1987,"2,4102","2,4102","2,4102","2,4102","1,15%"
29.10.1987,"2,3821","2,3821","2,3821","2,3821","-1,17%"
30.10.1987,"2,3886","2,3886","2,3886","2,3886","0,27%"
02.11.1987,"2,3953","2,3953","2,3953","2,3953","0,28%"
03.11.1987,"2,3965","2,3965","2,3965","2,3965","0,05%"
04.11.1987,"2,4111","2,4111","2,4111","2,4111","0,61%"
05.11.1987,"2,4367","2,4367","2,4367","2,4367","1,06%"
06.11.1987,"2,4253","2,4253","2,4253","2,4253","-0,47%"
09.11.1987,"2,4217","2,4217","2,4217","2,4217","-0,15%"
10.11.1987,"2,4118","2,4118","2,4118","2,4118","-0,41%"
11.11.1987,"2,4353","2,4353","2,4353","2,4353","0,97%"
12.11.1987,"2,4270","2,4270","2,4270","2,4270","-0,34%"
13.11.1987,"2,4391","2,4391","2,4391","2,4391","0,50%"
16.11.1987,"2,4449","2,4449","2,4449","2,4449","0,24%"
17.11.1987,"2,4353","2,4353","2,4353","2,4353","-0,39%"
18.11.1987,"2,4519","2,4519","2,4519","2,4519","0,68%"
19.11.1987,"2,4214","2,4214","2,4214","2,4214","-1,24%"
20.11.1987,"2,4207","2,4207","2,4207","2,4207","-0,03%"
23.11.1987,"2,4332","2,4332","2,4332","2,4332","0,52%"
24.11.1987,"2,4458","2,4458","2,4458","2,4458","0,52%"
25.11.1987,"2,4349","2,4349","2,4349","2,4349","-0,45%"
26.11.1987,"2,4418","2,4418","2,4418","2,4418","0,28%"
27.11.1987,"2,4483","2,4483","2,4483","2,4483","0,27%"
30.11.1987,"2,4443","2,4443","2,4443","2,4443","-0,16%"
01.12.1987,"2,4447","2,4447","2,4447","2,4447","0,02%"
02.12.1987,"2,4696","2,4696","2,4696","2,4696","1,02%"
03.12.1987,"2,4532","2,4532","2,4532","2,4532","-0,66%"
04.12.1987,"2,4476","2,4476","2,4476","2,4476","-0,23%"
07.12.1987,"2,4282","2,4282","2,4282","2,4282","-0,79%"
08.12.1987,"2,4373","2,4373","2,4373","2,4373","0,37%"
09.12.1987,"2,4369","2,4369","2,4369","2,4369","-0,02%"
10.12.1987,"2,4719","2,4719","2,4719","2,4719","1,44%"
11.12.1987,"2,4679","2,4679","2,4679","2,4679","-0,16%"
14.12.1987,"2,4499","2,4499","2,4499","2,4499","-0,73%"
15.12.1987,"2,4448","2,4448","2,4448","2,4448","-0,21%"
16.12.1987,"2,4676","2,4676","2,4676","2,4676","0,93%"
17.12.1987,"2,4796","2,4796","2,4796","2,4796","0,49%"
18.12.1987,"2,4467","2,4467","2,4467","2,4467","-1,33%"
21.12.1987,"2,4674","2,4674","2,4674","2,4674","0,85%"
22.12.1987,"2,4757","2,4757","2,4757","2,4757","0,34%"
23.12.1987,"2,4621","2,4621","2,4621","2,4621","-0,55%"
24.12.1987,"2,4774","2,4774","2,4774","2,4774","0,62%"
28.12.1987,"2,4818","2,4818","2,4818","2,4818","0,18%"
29.12.1987,"2,4934","2,4934","2,4934","2,4934","0,47%"
30.12.1987,"2,4959","2,4959","2,4959","2,4959","0,10%"
31.12.1987,"2,5340","2,5340","2,5340","2,5340","1,53%"
04.01.1988,"2,4993","2,4993","2,4993","2,4993","-1,37%"
05.01.1988,"2,4710","2,4710","2,4710","2,4710","-1,13%"
06.01.1988,"2,4772","2,4772","2,4772","2,4772","0,25%"
07.01.1988,"2,4502","2,4502","2,4502","2,4502","-1,09%"
08.01.1988,"2,4779","2,4779","2,4779","2,4779","1,13%"
11.01.1988,"2,4681","2,4681","2,4681","2,4681","-0,40%"
12.01.1988,"2,4838","2,4838","2,4838","2,4838","0,64%"
13.01.1988,"2,4810","2,4810","2,4810","2,4810","-0,11%"
14.01.1988,"2,4967","2,4967","2,4967","2,4967","0,63%"
15.01.1988,"2,4514","2,4514","2,4514","2,4514","-1,81%"
18.01.1988,"2,4589","2,4589","2,4589","2,4589","0,31%"
19.01.1988,"2,4649","2,4649","2,4649","2,4649","0,24%"
20.01.1988,"2,4716","2,4716","2,4716","2,4716","0,27%"
21.01.1988,"2,4564","2,4564","2,4564","2,4564","-0,61%"
22.01.1988,"2,4591","2,4591","2,4591","2,4591","0,11%"
25.01.1988,"2,4468","2,4468","2,4468","2,4468","-0,50%"
26.01.1988,"2,4542","2,4542","2,4542","2,4542","0,30%"
27.01.1988,"2,4609","2,4609","2,4609","2,4609","0,27%"
28.01.1988,"2,4601","2,4601","2,4601","2,4601","-0,03%"
29.01.1988,"2,4439","2,4439","2,4439","2,4439","-0,66%"
01.02.1988,"2,4376","2,4376","2,4376","2,4376","-0,26%"
02.02.1988,"2,4431","2,4431","2,4431","2,4431","0,23%"
03.02.1988,"2,4402","2,4402","2,4402","2,4402","-0,12%"
04.02.1988,"2,4607","2,4607","2,4607","2,4607","0,84%"
05.02.1988,"2,4446","2,4446","2,4446","2,4446","-0,65%"
08.02.1988,"2,4597","2,4597","2,4597","2,4597","0,62%"
09.02.1988,"2,4776","2,4776","2,4776","2,4776","0,73%"
10.02.1988,"2,4826","2,4826","2,4826","2,4826","0,20%"
11.02.1988,"2,4895","2,4895","2,4895","2,4895","0,28%"
12.02.1988,"2,5246","2,5246","2,5246","2,5246","1,41%"
15.02.1988,"2,5187","2,5187","2,5187","2,5187","-0,23%"
16.02.1988,"2,5275","2,5275","2,5275","2,5275","0,35%"
17.02.1988,"2,5163","2,5163","2,5163","2,5163","-0,44%"
18.02.1988,"2,5084","2,5084","2,5084","2,5084","-0,31%"
19.02.1988,"2,5213","2,5213","2,5213","2,5213","0,51%"
22.02.1988,"2,5239","2,5239","2,5239","2,5239","0,10%"
23.02.1988,"2,5416","2,5416","2,5416","2,5416","0,70%"
24.02.1988,"2,5414","2,5414","2,5414","2,5414","-0,01%"
25.02.1988,"2,5484","2,5484","2,5484","2,5484","0,28%"
26.02.1988,"2,5535","2,5535","2,5535","2,5535","0,20%"
29.02.1988,"2,5598","2,5598","2,5598","2,5598","0,25%"
01.03.1988,"2,5795","2,5795","2,5795","2,5795","0,77%"
02.03.1988,"2,5883","2,5883","2,5883","2,5883","0,34%"
03.03.1988,"2,6074","2,6074","2,6074","2,6074","0,74%"
04.03.1988,"2,6242","2,6242","2,6242","2,6242","0,64%"
07.03.1988,"2,6539","2,6539","2,6539","2,6539","1,13%"
09.03.1988,"2,6534","2,6534","2,6534","2,6534","-0,02%"
10.03.1988,"2,6340","2,6340","2,6340","2,6340","-0,73%"
11.03.1988,"2,6323","2,6323","2,6323","2,6323","-0,06%"
14.03.1988,"2,6317","2,6317","2,6317","2,6317","-0,02%"
15.03.1988,"2,6420","2,6420","2,6420","2,6420","0,39%"
16.03.1988,"2,6285","2,6285","2,6285","2,6285","-0,51%"
17.03.1988,"2,6328","2,6328","2,6328","2,6328","0,16%"
18.03.1988,"2,6209","2,6209","2,6209","2,6209","-0,45%"
21.03.1988,"2,6249","2,6249","2,6249","2,6249","0,15%"
22.03.1988,"2,6154","2,6154","2,6154","2,6154","-0,36%"
23.03.1988,"2,6278","2,6278","2,6278","2,6278","0,47%"
24.03.1988,"2,6348","2,6348","2,6348","2,6348","0,27%"
25.03.1988,"2,6480","2,6480","2,6480","2,6480","0,50%"
28.03.1988,"2,6527","2,6527","2,6527","2,6527","0,18%"
29.03.1988,"2,6296","2,6296","2,6296","2,6296","-0,87%"
30.03.1988,"2,6536","2,6536","2,6536","2,6536","0,91%"
31.03.1988,"2,6516","2,6516","2,6516","2,6516","-0,08%"
05.04.1988,"2,6410","2,6410","2,6410","2,6410","-0,40%"
07.04.1988,"2,6536","2,6536","2,6536","2,6536","0,48%"
08.04.1988,"2,6473","2,6473","2,6473","2,6473","-0,24%"
11.04.1988,"2,6445","2,6445","2,6445","2,6445","-0,11%"
12.04.1988,"2,6418","2,6418","2,6418","2,6418","-0,10%"
13.04.1988,"2,6362","2,6362","2,6362","2,6362","-0,21%"
14.04.1988,"2,6650","2,6650","2,6650","2,6650","1,09%"
15.04.1988,"2,6633","2,6633","2,6633","2,6633","-0,06%"
18.04.1988,"2,6659","2,6659","2,6659","2,6659","0,10%"
19.04.1988,"2,6742","2,6742","2,6742","2,6742","0,31%"
20.04.1988,"2,6583","2,6583","2,6583","2,6583","-0,59%"
21.04.1988,"2,6659","2,6659","2,6659","2,6659","0,29%"
22.04.1988,"2,6613","2,6613","2,6613","2,6613","-0,17%"
25.04.1988,"2,6626","2,6626","2,6626","2,6626","0,05%"
26.04.1988,"2,6622","2,6622","2,6622","2,6622","-0,02%"
27.04.1988,"2,6681","2,6681","2,6681","2,6681","0,22%"
28.04.1988,"2,6693","2,6693","2,6693","2,6693","0,04%"
29.04.1988,"2,6627","2,6627","2,6627","2,6627","-0,25%"
02.05.1988,"2,6757","2,6757","2,6757","2,6757","0,49%"
03.05.1988,"2,6854","2,6854","2,6854","2,6854","0,36%"
04.05.1988,"2,7180","2,7180","2,7180","2,7180","1,21%"
05.05.1988,"2,7237","2,7237","2,7237","2,7237","0,21%"
06.05.1988,"2,7384","2,7384","2,7384","2,7384","0,54%"
09.05.1988,"2,7178","2,7178","2,7178","2,7178","-0,75%"
10.05.1988,"2,7215","2,7215","2,7215","2,7215","0,14%"
11.05.1988,"2,7172","2,7172","2,7172","2,7172","-0,16%"
12.05.1988,"2,7045","2,7045","2,7045","2,7045","-0,47%"
13.05.1988,"2,7176","2,7176","2,7176","2,7176","0,48%"
17.05.1988,"2,6895","2,6895","2,6895","2,6895","-1,03%"
18.05.1988,"2,7166","2,7166","2,7166","2,7166","1,01%"
19.05.1988,"2,7085","2,7085","2,7085","2,7085","-0,30%"
20.05.1988,"2,7128","2,7128","2,7128","2,7128","0,16%"
23.05.1988,"2,7157","2,7157","2,7157","2,7157","0,11%"
24.05.1988,"2,7117","2,7117","2,7117","2,7117","-0,15%"
25.05.1988,"2,7119","2,7119","2,7119","2,7119","0,01%"
26.05.1988,"2,7137","2,7137","2,7137","2,7137","0,07%"
27.05.1988,"2,7035","2,7035","2,7035","2,7035","-0,38%"
30.05.1988,"2,7086","2,7086","2,7086","2,7086","0,19%"
31.05.1988,"2,6880","2,6880","2,6880","2,6880","-0,76%"
01.06.1988,"2,7024","2,7024","2,7024","2,7024","0,54%"
02.06.1988,"2,7165","2,7165","2,7165","2,7165","0,52%"
03.06.1988,"2,6772","2,6772","2,6772","2,6772","-1,45%"
06.06.1988,"2,6983","2,6983","2,6983","2,6983","0,79%"
07.06.1988,"2,7059","2,7059","2,7059","2,7059","0,28%"
08.06.1988,"2,6847","2,6847","2,6847","2,6847","-0,78%"
09.06.1988,"2,7108","2,7108","2,7108","2,7108","0,97%"
10.06.1988,"2,6921","2,6921","2,6921","2,6921","-0,69%"
13.06.1988,"2,7003","2,7003","2,7003","2,7003","0,30%"
14.06.1988,"2,6802","2,6802","2,6802","2,6802","-0,74%"
15.06.1988,"2,6978","2,6978","2,6978","2,6978","0,66%"
16.06.1988,"2,7007","2,7007","2,7007","2,7007","0,11%"
17.06.1988,"2,7122","2,7122","2,7122","2,7122","0,43%"
20.06.1988,"2,6889","2,6889","2,6889","2,6889","-0,86%"
21.06.1988,"2,6980","2,6980","2,6980","2,6980","0,34%"
22.06.1988,"2,6692","2,6692","2,6692","2,6692","-1,07%"
23.06.1988,"2,6772","2,6772","2,6772","2,6772","0,30%"
24.06.1988,"2,6346","2,6346","2,6346","2,6346","-1,59%"
27.06.1988,"2,6338","2,6338","2,6338","2,6338","-0,03%"
28.06.1988,"2,6121","2,6121","2,6121","2,6121","-0,82%"
29.06.1988,"2,6446","2,6446","2,6446","2,6446","1,24%"
30.06.1988,"2,6560","2,6560","2,6560","2,6560","0,43%"
01.07.1988,"2,6435","2,6435","2,6435","2,6435","-0,47%"
04.07.1988,"2,6316","2,6316","2,6316","2,6316","-0,45%"
05.07.1988,"2,6632","2,6632","2,6632","2,6632","1,20%"
06.07.1988,"2,6626","2,6626","2,6626","2,6626","-0,02%"
07.07.1988,"2,6588","2,6588","2,6588","2,6588","-0,14%"
08.07.1988,"2,6544","2,6544","2,6544","2,6544","-0,17%"
11.07.1988,"2,6655","2,6655","2,6655","2,6655","0,42%"
12.07.1988,"2,6866","2,6866","2,6866","2,6866","0,79%"
13.07.1988,"2,6954","2,6954","2,6954","2,6954","0,33%"
14.07.1988,"2,6954","2,6954","2,6954","2,6954","0,00%"
15.07.1988,"2,6865","2,6865","2,6865","2,6865","-0,33%"
18.07.1988,"2,7286","2,7286","2,7286","2,7286","1,57%"
19.07.1988,"2,7367","2,7367","2,7367","2,7367","0,30%"
20.07.1988,"2,7044","2,7044","2,7044","2,7044","-1,18%"
21.07.1988,"2,7225","2,7225","2,7225","2,7225","0,67%"
22.07.1988,"2,7268","2,7268","2,7268","2,7268","0,16%"
25.07.1988,"2,7115","2,7115","2,7115","2,7115","-0,56%"
26.07.1988,"2,7267","2,7267","2,7267","2,7267","0,56%"
27.07.1988,"2,7316","2,7316","2,7316","2,7316","0,18%"
28.07.1988,"2,7214","2,7214","2,7214","2,7214","-0,37%"
29.07.1988,"2,7050","2,7050","2,7050","2,7050","-0,60%"
01.08.1988,"2,7325","2,7325","2,7325","2,7325","1,02%"
02.08.1988,"2,7188","2,7188","2,7188","2,7188","-0,50%"
03.08.1988,"2,7337","2,7337","2,7337","2,7337","0,55%"
04.08.1988,"2,7264","2,7264","2,7264","2,7264","-0,27%"
05.08.1988,"2,7097","2,7097","2,7097","2,7097","-0,61%"
08.08.1988,"2,7419","2,7419","2,7419","2,7419","1,19%"
09.08.1988,"2,7170","2,7170","2,7170","2,7170","-0,91%"
10.08.1988,"2,7128","2,7128","2,7128","2,7128","-0,15%"
11.08.1988,"2,7135","2,7135","2,7135","2,7135","0,03%"
12.08.1988,"2,6896","2,6896","2,6896","2,6896","-0,88%"
15.08.1988,"2,6836","2,6836","2,6836","2,6836","-0,22%"
16.08.1988,"2,6487","2,6487","2,6487","2,6487","-1,30%"
17.08.1988,"2,6713","2,6713","2,6713","2,6713","0,85%"
18.08.1988,"2,6922","2,6922","2,6922","2,6922","0,78%"
19.08.1988,"2,6915","2,6915","2,6915","2,6915","-0,03%"
22.08.1988,"2,6993","2,6993","2,6993","2,6993","0,29%"
23.08.1988,"2,6765","2,6765","2,6765","2,6765","-0,84%"
24.08.1988,"2,6960","2,6960","2,6960","2,6960","0,73%"
25.08.1988,"2,6877","2,6877","2,6877","2,6877","-0,31%"
26.08.1988,"2,6928","2,6928","2,6928","2,6928","0,19%"
29.08.1988,"2,6924","2,6924","2,6924","2,6924","-0,01%"
30.08.1988,"2,7010","2,7010","2,7010","2,7010","0,32%"
31.08.1988,"2,7064","2,7064","2,7064","2,7064","0,20%"
01.09.1988,"2,7079","2,7079","2,7079","2,7079","0,06%"
02.09.1988,"2,7168","2,7168","2,7168","2,7168","0,33%"
05.09.1988,"2,7006","2,7006","2,7006","2,7006","-0,60%"
06.09.1988,"2,7115","2,7115","2,7115","2,7115","0,40%"
07.09.1988,"2,6986","2,6986","2,6986","2,6986","-0,48%"
08.09.1988,"2,7032","2,7032","2,7032","2,7032","0,17%"
09.09.1988,"2,6927","2,6927","2,6927","2,6927","-0,39%"
12.09.1988,"2,7176","2,7176","2,7176","2,7176","0,92%"
13.09.1988,"2,7109","2,7109","2,7109","2,7109","-0,25%"
14.09.1988,"2,7104","2,7104","2,7104","2,7104","-0,02%"
15.09.1988,"2,7133","2,7133","2,7133","2,7133","0,11%"
16.09.1988,"2,7208","2,7208","2,7208","2,7208","0,28%"
19.09.1988,"2,7368","2,7368","2,7368","2,7368","0,59%"
20.09.1988,"2,7408","2,7408","2,7408","2,7408","0,15%"
21.09.1988,"2,7351","2,7351","2,7351","2,7351","-0,21%"
22.09.1988,"2,7344","2,7344","2,7344","2,7344","-0,03%"
23.09.1988,"2,7388","2,7388","2,7388","2,7388","0,16%"
26.09.1988,"2,7391","2,7391","2,7391","2,7391","0,01%"
27.09.1988,"2,7422","2,7422","2,7422","2,7422","0,11%"
28.09.1988,"2,7368","2,7368","2,7368","2,7368","-0,20%"
29.09.1988,"2,7370","2,7370","2,7370","2,7370","0,01%"
30.09.1988,"2,7681","2,7681","2,7681","2,7681","1,14%"
03.10.1988,"2,7753","2,7753","2,7753","2,7753","0,26%"
04.10.1988,"2,7682","2,7682","2,7682","2,7682","-0,26%"
05.10.1988,"2,7751","2,7751","2,7751","2,7751","0,25%"
06.10.1988,"2,7622","2,7622","2,7622","2,7622","-0,46%"
07.10.1988,"2,7677","2,7677","2,7677","2,7677","0,20%"
10.10.1988,"2,7734","2,7734","2,7734","2,7734","0,21%"
11.10.1988,"2,7698","2,7698","2,7698","2,7698","-0,13%"
12.10.1988,"2,7907","2,7907","2,7907","2,7907","0,75%"
13.10.1988,"2,7767","2,7767","2,7767","2,7767","-0,50%"
14.10.1988,"2,8082","2,8082","2,8082","2,8082","1,13%"
17.10.1988,"2,7963","2,7963","2,7963","2,7963","-0,42%"
18.10.1988,"2,7907","2,7907","2,7907","2,7907","-0,20%"
19.10.1988,"2,7916","2,7916","2,7916","2,7916","0,03%"
20.10.1988,"2,8073","2,8073","2,8073","2,8073","0,56%"
21.10.1988,"2,8255","2,8255","2,8255","2,8255","0,65%"
24.10.1988,"2,8172","2,8172","2,8172","2,8172","-0,29%"
25.10.1988,"2,8457","2,8457","2,8457","2,8457","1,01%"
26.10.1988,"2,8625","2,8625","2,8625","2,8625","0,59%"
27.10.1988,"2,8701","2,8701","2,8701","2,8701","0,27%"
28.10.1988,"2,8923","2,8923","2,8923","2,8923","0,77%"
31.10.1988,"2,8846","2,8846","2,8846","2,8846","-0,27%"
01.11.1988,"2,9144","2,9144","2,9144","2,9144","1,03%"
02.11.1988,"2,9255","2,9255","2,9255","2,9255","0,38%"
03.11.1988,"2,8655","2,8655","2,8655","2,8655","-2,05%"
04.11.1988,"2,8612","2,8612","2,8612","2,8612","-0,15%"
07.11.1988,"2,8570","2,8570","2,8570","2,8570","-0,15%"
08.11.1988,"2,8429","2,8429","2,8429","2,8429","-0,49%"
09.11.1988,"2,8526","2,8526","2,8526","2,8526","0,34%"
10.11.1988,"2,8304","2,8304","2,8304","2,8304","-0,78%"
11.11.1988,"2,8497","2,8497","2,8497","2,8497","0,68%"
14.11.1988,"2,8488","2,8488","2,8488","2,8488","-0,03%"
15.11.1988,"2,8436","2,8436","2,8436","2,8436","-0,18%"
16.11.1988,"2,8868","2,8868","2,8868","2,8868","1,52%"
17.11.1988,"2,8522","2,8522","2,8522","2,8522","-1,20%"
18.11.1988,"2,8298","2,8298","2,8298","2,8298","-0,79%"
21.11.1988,"2,8472","2,8472","2,8472","2,8472","0,61%"
22.11.1988,"2,8422","2,8422","2,8422","2,8422","-0,18%"
23.11.1988,"2,8330","2,8330","2,8330","2,8330","-0,32%"
24.11.1988,"2,8177","2,8177","2,8177","2,8177","-0,54%"
25.11.1988,"2,7989","2,7989","2,7989","2,7989","-0,67%"
28.11.1988,"2,7742","2,7742","2,7742","2,7742","-0,88%"
29.11.1988,"2,7654","2,7654","2,7654","2,7654","-0,32%"
30.11.1988,"2,7581","2,7581","2,7581","2,7581","-0,26%"
01.12.1988,"2,7359","2,7359","2,7359","2,7359","-0,80%"
02.12.1988,"2,7389","2,7389","2,7389","2,7389","0,11%"
05.12.1988,"2,7225","2,7225","2,7225","2,7225","-0,60%"
06.12.1988,"2,7207","2,7207","2,7207","2,7207","-0,07%"
07.12.1988,"2,7693","2,7693","2,7693","2,7693","1,79%"
08.12.1988,"2,8032","2,8032","2,8032","2,8032","1,22%"
09.12.1988,"2,7922","2,7922","2,7922","2,7922","-0,39%"
12.12.1988,"2,8025","2,8025","2,8025","2,8025","0,37%"
13.12.1988,"2,8068","2,8068","2,8068","2,8068","0,15%"
14.12.1988,"2,8041","2,8041","2,8041","2,8041","-0,10%"
15.12.1988,"2,7889","2,7889","2,7889","2,7889","-0,54%"
16.12.1988,"2,8069","2,8069","2,8069","2,8069","0,65%"
19.12.1988,"2,7833","2,7833","2,7833","2,7833","-0,84%"
20.12.1988,"2,7765","2,7765","2,7765","2,7765","-0,24%"
21.12.1988,"2,7823","2,7823","2,7823","2,7823","0,21%"
22.12.1988,"2,7702","2,7702","2,7702","2,7702","-0,43%"
23.12.1988,"2,7698","2,7698","2,7698","2,7698","-0,01%"
27.12.1988,"2,7633","2,7633","2,7633","2,7633","-0,23%"
28.12.1988,"2,7599","2,7599","2,7599","2,7599","-0,12%"
29.12.1988,"2,7607","2,7607","2,7607","2,7607","0,03%"
30.12.1988,"2,7840","2,7840","2,7840","2,7840","0,84%"
03.01.1989,"2,7725","2,7725","2,7725","2,7725","-0,41%"
03.01.1989,"2,7725","2,7725","2,7725","2,7725","-0,41%"
04.01.1989,"2,7682","2,7682","2,7682","2,7682","-0,16%"
04.01.1989,"2,7682","2,7682","2,7682","2,7682","-0,16%"
05.01.1989,"2,7393","2,7393","2,7393","2,7393","-1,04%"
05.01.1989,"2,7393","2,7393","2,7393","2,7393","-1,04%"
06.01.1989,"2,7260","2,7260","2,7260","2,7260","-0,49%"
06.01.1989,"2,7260","2,7260","2,7260","2,7260","-0,49%"
09.01.1989,"2,7226","2,7226","2,7226","2,7226","-0,12%"
09.01.1989,"2,7226","2,7226","2,7226","2,7226","-0,12%"
10.01.1989,"2,6930","2,6930","2,6930","2,6930","-1,09%"
10.01.1989,"2,6930","2,6930","2,6930","2,6930","-1,09%"
11.01.1989,"2,7083","2,7083","2,7083","2,7083","0,57%"
11.01.1989,"2,7083","2,7083","2,7083","2,7083","0,57%"
12.01.1989,"2,7044","2,7044","2,7044","2,7044","-0,14%"
12.01.1989,"2,7044","2,7044","2,7044","2,7044","-0,14%"
13.01.1989,"2,6779","2,6779","2,6779","2,6779","-0,98%"
13.01.1989,"2,6779","2,6779","2,6779","2,6779","-0,98%"
16.01.1989,"2,6853","2,6853","2,6853","2,6853","0,28%"
16.01.1989,"2,6853","2,6853","2,6853","2,6853","0,28%"
17.01.1989,"2,6895","2,6895","2,6895","2,6895","0,16%"
17.01.1989,"2,6895","2,6895","2,6895","2,6895","0,16%"
18.01.1989,"2,6612","2,6612","2,6612","2,6612","-1,05%"
18.01.1989,"2,6612","2,6612","2,6612","2,6612","-1,05%"
19.01.1989,"2,7038","2,7038","2,7038","2,7038","1,60%"
19.01.1989,"2,7038","2,7038","2,7038","2,7038","1,60%"
20.01.1989,"2,6958","2,6958","2,6958","2,6958","-0,30%"
20.01.1989,"2,6958","2,6958","2,6958","2,6958","-0,30%"
23.01.1989,"2,7107","2,7107","2,7107","2,7107","0,55%"
23.01.1989,"2,7107","2,7107","2,7107","2,7107","0,55%"
24.01.1989,"2,6914","2,6914","2,6914","2,6914","-0,71%"
24.01.1989,"2,6914","2,6914","2,6914","2,6914","-0,71%"
25.01.1989,"2,7119","2,7119","2,7119","2,7119","0,76%"
25.01.1989,"2,7119","2,7119","2,7119","2,7119","0,76%"
26.01.1989,"2,6976","2,6976","2,6976","2,6976","-0,53%"
26.01.1989,"2,6976","2,6976","2,6976","2,6976","-0,53%"
27.01.1989,"2,6870","2,6870","2,6870","2,6870","-0,39%"
27.01.1989,"2,6870","2,6870","2,6870","2,6870","-0,39%"
30.01.1989,"2,6995","2,6995","2,6995","2,6995","0,47%"
30.01.1989,"2,6995","2,6995","2,6995","2,6995","0,47%"
31.01.1989,"2,6731","2,6731","2,6731","2,6731","-0,98%"
31.01.1989,"2,6731","2,6731","2,6731","2,6731","-0,98%"
01.02.1989,"2,6802","2,6802","2,6802","2,6802","0,27%"
01.02.1989,"2,6802","2,6802","2,6802","2,6802","0,27%"
02.02.1989,"2,6887","2,6887","2,6887","2,6887","0,32%"
02.02.1989,"2,6887","2,6887","2,6887","2,6887","0,32%"
03.02.1989,"2,7044","2,7044","2,7044","2,7044","0,58%"
03.02.1989,"2,7044","2,7044","2,7044","2,7044","0,58%"
06.02.1989,"2,7089","2,7089","2,7089","2,7089","0,17%"
06.02.1989,"2,7089","2,7089","2,7089","2,7089","0,17%"
07.02.1989,"2,7046","2,7046","2,7046","2,7046","-0,16%"
07.02.1989,"2,7046","2,7046","2,7046","2,7046","-0,16%"
08.02.1989,"2,7162","2,7162","2,7162","2,7162","0,43%"
08.02.1989,"2,7162","2,7162","2,7162","2,7162","0,43%"
09.02.1989,"2,7425","2,7425","2,7425","2,7425","0,97%"
09.02.1989,"2,7425","2,7425","2,7425","2,7425","0,97%"
10.02.1989,"2,7207","2,7207","2,7207","2,7207","-0,79%"
10.02.1989,"2,7207","2,7207","2,7207","2,7207","-0,79%"
13.02.1989,"2,7437","2,7437","2,7437","2,7437","0,85%"
13.02.1989,"2,7437","2,7437","2,7437","2,7437","0,85%"
14.02.1989,"2,7848","2,7848","2,7848","2,7848","1,50%"
14.02.1989,"2,7848","2,7848","2,7848","2,7848","1,50%"
15.02.1989,"2,7729","2,7729","2,7729","2,7729","-0,43%"
15.02.1989,"2,7729","2,7729","2,7729","2,7729","-0,43%"
16.02.1989,"2,8047","2,8047","2,8047","2,8047","1,15%"
16.02.1989,"2,8047","2,8047","2,8047","2,8047","1,15%"
17.02.1989,"2,8123","2,8123","2,8123","2,8123","0,27%"
17.02.1989,"2,8123","2,8123","2,8123","2,8123","0,27%"
20.02.1989,"2,8061","2,8061","2,8061","2,8061","-0,22%"
20.02.1989,"2,8061","2,8061","2,8061","2,8061","-0,22%"
21.02.1989,"2,8091","2,8091","2,8091","2,8091","0,11%"
21.02.1989,"2,8091","2,8091","2,8091","2,8091","0,11%"
22.02.1989,"2,8209","2,8209","2,8209","2,8209","0,42%"
22.02.1989,"2,8209","2,8209","2,8209","2,8209","0,42%"
23.02.1989,"2,8292","2,8292","2,8292","2,8292","0,29%"
23.02.1989,"2,8292","2,8292","2,8292","2,8292","0,29%"
24.02.1989,"2,8361","2,8361","2,8361","2,8361","0,24%"
24.02.1989,"2,8361","2,8361","2,8361","2,8361","0,24%"
27.02.1989,"2,8239","2,8239","2,8239","2,8239","-0,43%"
27.02.1989,"2,8239","2,8239","2,8239","2,8239","-0,43%"
28.02.1989,"2,8236","2,8236","2,8236","2,8236","-0,01%"
28.02.1989,"2,8236","2,8236","2,8236","2,8236","-0,01%"
01.03.1989,"2,8094","2,8094","2,8094","2,8094","-0,50%"
01.03.1989,"2,8094","2,8094","2,8094","2,8094","-0,50%"
02.03.1989,"2,8043","2,8043","2,8043","2,8043","-0,18%"
02.03.1989,"2,8043","2,8043","2,8043","2,8043","-0,18%"
03.03.1989,"2,8153","2,8153","2,8153","2,8153","0,39%"
03.03.1989,"2,8153","2,8153","2,8153","2,8153","0,39%"
06.03.1989,"2,8103","2,8103","2,8103","2,8103","-0,18%"
06.03.1989,"2,8103","2,8103","2,8103","2,8103","-0,18%"
07.03.1989,"2,8308","2,8308","2,8308","2,8308","0,73%"
07.03.1989,"2,8308","2,8308","2,8308","2,8308","0,73%"
08.03.1989,"2,8118","2,8118","2,8118","2,8118","-0,67%"
08.03.1989,"2,8118","2,8118","2,8118","2,8118","-0,67%"
09.03.1989,"2,8329","2,8329","2,8329","2,8329","0,75%"
09.03.1989,"2,8329","2,8329","2,8329","2,8329","0,75%"
10.03.1989,"2,8276","2,8276","2,8276","2,8276","-0,19%"
10.03.1989,"2,8276","2,8276","2,8276","2,8276","-0,19%"
13.03.1989,"2,8298","2,8298","2,8298","2,8298","0,08%"
13.03.1989,"2,8298","2,8298","2,8298","2,8298","0,08%"
14.03.1989,"2,8347","2,8347","2,8347","2,8347","0,17%"
14.03.1989,"2,8347","2,8347","2,8347","2,8347","0,17%"
15.03.1989,"2,8277","2,8277","2,8277","2,8277","-0,25%"
15.03.1989,"2,8277","2,8277","2,8277","2,8277","-0,25%"
16.03.1989,"2,8348","2,8348","2,8348","2,8348","0,25%"
16.03.1989,"2,8348","2,8348","2,8348","2,8348","0,25%"
17.03.1989,"2,8324","2,8324","2,8324","2,8324","-0,08%"
17.03.1989,"2,8324","2,8324","2,8324","2,8324","-0,08%"
20.03.1989,"2,8387","2,8387","2,8387","2,8387","0,22%"
20.03.1989,"2,8387","2,8387","2,8387","2,8387","0,22%"
21.03.1989,"2,8268","2,8268","2,8268","2,8268","-0,42%"
21.03.1989,"2,8268","2,8268","2,8268","2,8268","-0,42%"
22.03.1989,"2,8450","2,8450","2,8450","2,8450","0,64%"
22.03.1989,"2,8450","2,8450","2,8450","2,8450","0,64%"
23.03.1989,"2,8238","2,8238","2,8238","2,8238","-0,75%"
23.03.1989,"2,8238","2,8238","2,8238","2,8238","-0,75%"
24.03.1989,"2,8221","2,8221","2,8221","2,8221","-0,06%"
24.03.1989,"2,8221","2,8221","2,8221","2,8221","-0,06%"
27.03.1989,"2,8094","2,8094","2,8094","2,8094","-0,45%"
27.03.1989,"2,8094","2,8094","2,8094","2,8094","-0,45%"
28.03.1989,"2,7963","2,7963","2,7963","2,7963","-0,47%"
28.03.1989,"2,7963","2,7963","2,7963","2,7963","-0,47%"
29.03.1989,"2,8140","2,8140","2,8140","2,8140","0,63%"
29.03.1989,"2,8140","2,8140","2,8140","2,8140","0,63%"
30.03.1989,"2,8127","2,8127","2,8127","2,8127","-0,05%"
30.03.1989,"2,8127","2,8127","2,8127","2,8127","-0,05%"
31.03.1989,"2,8072","2,8072","2,8072","2,8072","-0,20%"
31.03.1989,"2,8072","2,8072","2,8072","2,8072","-0,20%"
03.04.1989,"2,8416","2,8416","2,8416","2,8416","1,23%"
03.04.1989,"2,8416","2,8416","2,8416","2,8416","1,23%"
04.04.1989,"2,8304","2,8304","2,8304","2,8304","-0,39%"
04.04.1989,"2,8304","2,8304","2,8304","2,8304","-0,39%"
05.04.1989,"2,8272","2,8272","2,8272","2,8272","-0,11%"
05.04.1989,"2,8272","2,8272","2,8272","2,8272","-0,11%"
06.04.1989,"2,8284","2,8284","2,8284","2,8284","0,04%"
06.04.1989,"2,8284","2,8284","2,8284","2,8284","0,04%"
07.04.1989,"2,8204","2,8204","2,8204","2,8204","-0,28%"
07.04.1989,"2,8204","2,8204","2,8204","2,8204","-0,28%"
10.04.1989,"2,8219","2,8219","2,8219","2,8219","0,05%"
10.04.1989,"2,8219","2,8219","2,8219","2,8219","0,05%"
11.04.1989,"2,8172","2,8172","2,8172","2,8172","-0,17%"
11.04.1989,"2,8172","2,8172","2,8172","2,8172","-0,17%"
12.04.1989,"2,8169","2,8169","2,8169","2,8169","-0,01%"
12.04.1989,"2,8169","2,8169","2,8169","2,8169","-0,01%"
13.04.1989,"2,8243","2,8243","2,8243","2,8243","0,26%"
13.04.1989,"2,8243","2,8243","2,8243","2,8243","0,26%"
14.04.1989,"2,8406","2,8406","2,8406","2,8406","0,58%"
14.04.1989,"2,8406","2,8406","2,8406","2,8406","0,58%"
17.04.1989,"2,8294","2,8294","2,8294","2,8294","-0,39%"
17.04.1989,"2,8294","2,8294","2,8294","2,8294","-0,39%"
18.04.1989,"2,8382","2,8382","2,8382","2,8382","0,31%"
18.04.1989,"2,8382","2,8382","2,8382","2,8382","0,31%"
19.04.1989,"2,8274","2,8274","2,8274","2,8274","-0,38%"
19.04.1989,"2,8274","2,8274","2,8274","2,8274","-0,38%"
20.04.1989,"2,8431","2,8431","2,8431","2,8431","0,56%"
20.04.1989,"2,8431","2,8431","2,8431","2,8431","0,56%"
21.04.1989,"2,8390","2,8390","2,8390","2,8390","-0,14%"
21.04.1989,"2,8390","2,8390","2,8390","2,8390","-0,14%"
24.04.1989,"2,8304","2,8304","2,8304","2,8304","-0,30%"
24.04.1989,"2,8304","2,8304","2,8304","2,8304","-0,30%"
25.04.1989,"2,8289","2,8289","2,8289","2,8289","-0,05%"
25.04.1989,"2,8289","2,8289","2,8289","2,8289","-0,05%"
26.04.1989,"2,8239","2,8239","2,8239","2,8239","-0,18%"
26.04.1989,"2,8239","2,8239","2,8239","2,8239","-0,18%"
27.04.1989,"2,8249","2,8249","2,8249","2,8249","0,04%"
27.04.1989,"2,8249","2,8249","2,8249","2,8249","0,04%"
28.04.1989,"2,8269","2,8269","2,8269","2,8269","0,07%"
28.04.1989,"2,8269","2,8269","2,8269","2,8269","0,07%"
01.05.1989,"2,8147","2,8147","2,8147","2,8147","-0,43%"
01.05.1989,"2,8147","2,8147","2,8147","2,8147","-0,43%"
02.05.1989,"2,8238","2,8238","2,8238","2,8238","0,32%"
02.05.1989,"2,8238","2,8238","2,8238","2,8238","0,32%"
03.05.1989,"2,8310","2,8310","2,8310","2,8310","0,25%"
03.05.1989,"2,8310","2,8310","2,8310","2,8310","0,25%"
04.05.1989,"2,8292","2,8292","2,8292","2,8292","-0,06%"
04.05.1989,"2,8292","2,8292","2,8292","2,8292","-0,06%"
05.05.1989,"2,8328","2,8328","2,8328","2,8328","0,13%"
05.05.1989,"2,8328","2,8328","2,8328","2,8328","0,13%"
08.05.1989,"2,8194","2,8194","2,8194","2,8194","-0,47%"
08.05.1989,"2,8194","2,8194","2,8194","2,8194","-0,47%"
09.05.1989,"2,8541","2,8541","2,8541","2,8541","1,23%"
09.05.1989,"2,8541","2,8541","2,8541","2,8541","1,23%"
10.05.1989,"2,8478","2,8478","2,8478","2,8478","-0,22%"
10.05.1989,"2,8478","2,8478","2,8478","2,8478","-0,22%"
11.05.1989,"2,8371","2,8371","2,8371","2,8371","-0,38%"
11.05.1989,"2,8371","2,8371","2,8371","2,8371","-0,38%"
12.05.1989,"2,8261","2,8261","2,8261","2,8261","-0,39%"
12.05.1989,"2,8261","2,8261","2,8261","2,8261","-0,39%"
15.05.1989,"2,8537","2,8537","2,8537","2,8537","0,98%"
15.05.1989,"2,8537","2,8537","2,8537","2,8537","0,98%"
16.05.1989,"2,8585","2,8585","2,8585","2,8585","0,17%"
16.05.1989,"2,8585","2,8585","2,8585","2,8585","0,17%"
17.05.1989,"2,8388","2,8388","2,8388","2,8388","-0,69%"
17.05.1989,"2,8388","2,8388","2,8388","2,8388","-0,69%"
18.05.1989,"2,8544","2,8544","2,8544","2,8544","0,55%"
18.05.1989,"2,8544","2,8544","2,8544","2,8544","0,55%"
19.05.1989,"2,8496","2,8496","2,8496","2,8496","-0,17%"
19.05.1989,"2,8496","2,8496","2,8496","2,8496","-0,17%"
22.05.1989,"2,8696","2,8696","2,8696","2,8696","0,70%"
22.05.1989,"2,8696","2,8696","2,8696","2,8696","0,70%"
23.05.1989,"2,8585","2,8585","2,8585","2,8585","-0,39%"
23.05.1989,"2,8585","2,8585","2,8585","2,8585","-0,39%"
24.05.1989,"2,8841","2,8841","2,8841","2,8841","0,90%"
24.05.1989,"2,8841","2,8841","2,8841","2,8841","0,90%"
25.05.1989,"2,9127","2,9127","2,9127","2,9127","0,99%"
25.05.1989,"2,9127","2,9127","2,9127","2,9127","0,99%"
26.05.1989,"2,8658","2,8658","2,8658","2,8658","-1,61%"
26.05.1989,"2,8658","2,8658","2,8658","2,8658","-1,61%"
29.05.1989,"2,8833","2,8833","2,8833","2,8833","0,61%"
29.05.1989,"2,8833","2,8833","2,8833","2,8833","0,61%"
30.05.1989,"2,9082","2,9082","2,9082","2,9082","0,86%"
30.05.1989,"2,9082","2,9082","2,9082","2,9082","0,86%"
31.05.1989,"2,8736","2,8736","2,8736","2,8736","-1,19%"
31.05.1989,"2,8736","2,8736","2,8736","2,8736","-1,19%"
01.06.1989,"2,9019","2,9019","2,9019","2,9019","0,98%"
01.06.1989,"2,9019","2,9019","2,9019","2,9019","0,98%"
02.06.1989,"2,9137","2,9137","2,9137","2,9137","0,41%"
02.06.1989,"2,9137","2,9137","2,9137","2,9137","0,41%"
05.06.1989,"2,8659","2,8659","2,8659","2,8659","-1,64%"
05.06.1989,"2,8659","2,8659","2,8659","2,8659","-1,64%"
06.06.1989,"2,9051","2,9051","2,9051","2,9051","1,37%"
06.06.1989,"2,9051","2,9051","2,9051","2,9051","1,37%"
07.06.1989,"2,8841","2,8841","2,8841","2,8841","-0,72%"
07.06.1989,"2,8841","2,8841","2,8841","2,8841","-0,72%"
08.06.1989,"2,9088","2,9088","2,9088","2,9088","0,86%"
08.06.1989,"2,9088","2,9088","2,9088","2,9088","0,86%"
09.06.1989,"2,8735","2,8735","2,8735","2,8735","-1,21%"
09.06.1989,"2,8735","2,8735","2,8735","2,8735","-1,21%"
12.06.1989,"2,9068","2,9068","2,9068","2,9068","1,16%"
12.06.1989,"2,9068","2,9068","2,9068","2,9068","1,16%"
13.06.1989,"2,9152","2,9152","2,9152","2,9152","0,29%"
13.06.1989,"2,9152","2,9152","2,9152","2,9152","0,29%"
14.06.1989,"2,8942","2,8942","2,8942","2,8942","-0,72%"
14.06.1989,"2,8942","2,8942","2,8942","2,8942","-0,72%"
15.06.1989,"2,9357","2,9357","2,9357","2,9357","1,43%"
15.06.1989,"2,9357","2,9357","2,9357","2,9357","1,43%"
16.06.1989,"2,9167","2,9167","2,9167","2,9167","-0,65%"
16.06.1989,"2,9167","2,9167","2,9167","2,9167","-0,65%"
19.06.1989,"2,9209","2,9209","2,9209","2,9209","0,14%"
19.06.1989,"2,9209","2,9209","2,9209","2,9209","0,14%"
20.06.1989,"2,8921","2,8921","2,8921","2,8921","-0,99%"
20.06.1989,"2,8921","2,8921","2,8921","2,8921","-0,99%"
21.06.1989,"2,9587","2,9587","2,9587","2,9587","2,30%"
21.06.1989,"2,9587","2,9587","2,9587","2,9587","2,30%"
22.06.1989,"2,9212","2,9212","2,9212","2,9212","-1,27%"
22.06.1989,"2,9212","2,9212","2,9212","2,9212","-1,27%"
23.06.1989,"2,9200","2,9200","2,9200","2,9200","-0,04%"
23.06.1989,"2,9200","2,9200","2,9200","2,9200","-0,04%"
26.06.1989,"2,9245","2,9245","2,9245","2,9245","0,15%"
26.06.1989,"2,9245","2,9245","2,9245","2,9245","0,15%"
27.06.1989,"2,9301","2,9301","2,9301","2,9301","0,19%"
27.06.1989,"2,9301","2,9301","2,9301","2,9301","0,19%"
28.06.1989,"2,9367","2,9367","2,9367","2,9367","0,23%"
28.06.1989,"2,9367","2,9367","2,9367","2,9367","0,23%"
29.06.1989,"2,9094","2,9094","2,9094","2,9094","-0,93%"
29.06.1989,"2,9094","2,9094","2,9094","2,9094","-0,93%"
30.06.1989,"2,9412","2,9412","2,9412","2,9412","1,09%"
30.06.1989,"2,9412","2,9412","2,9412","2,9412","1,09%"
03.07.1989,"2,9436","2,9436","2,9436","2,9436","0,08%"
03.07.1989,"2,9436","2,9436","2,9436","2,9436","0,08%"
04.07.1989,"2,9445","2,9445","2,9445","2,9445","0,03%"
04.07.1989,"2,9445","2,9445","2,9445","2,9445","0,03%"
05.07.1989,"2,9773","2,9773","2,9773","2,9773","1,11%"
05.07.1989,"2,9773","2,9773","2,9773","2,9773","1,11%"
06.07.1989,"2,9592","2,9592","2,9592","2,9592","-0,61%"
06.07.1989,"2,9592","2,9592","2,9592","2,9592","-0,61%"
07.07.1989,"2,9658","2,9658","2,9658","2,9658","0,22%"
07.07.1989,"2,9658","2,9658","2,9658","2,9658","0,22%"
10.07.1989,"2,9468","2,9468","2,9468","2,9468","-0,64%"
10.07.1989,"2,9468","2,9468","2,9468","2,9468","-0,64%"
11.07.1989,"2,9468","2,9468","2,9468","2,9468","0,00%"
11.07.1989,"2,9468","2,9468","2,9468","2,9468","0,00%"
12.07.1989,"2,9496","2,9496","2,9496","2,9496","0,10%"
12.07.1989,"2,9496","2,9496","2,9496","2,9496","0,10%"
13.07.1989,"2,9263","2,9263","2,9263","2,9263","-0,79%"
13.07.1989,"2,9263","2,9263","2,9263","2,9263","-0,79%"
14.07.1989,"2,9167","2,9167","2,9167","2,9167","-0,33%"
14.07.1989,"2,9167","2,9167","2,9167","2,9167","-0,33%"
17.07.1989,"2,9591","2,9591","2,9591","2,9591","1,45%"
17.07.1989,"2,9591","2,9591","2,9591","2,9591","1,45%"
18.07.1989,"2,9367","2,9367","2,9367","2,9367","-0,76%"
18.07.1989,"2,9367","2,9367","2,9367","2,9367","-0,76%"
19.07.1989,"2,9196","2,9196","2,9196","2,9196","-0,58%"
19.07.1989,"2,9196","2,9196","2,9196","2,9196","-0,58%"
20.07.1989,"2,9495","2,9495","2,9495","2,9495","1,02%"
20.07.1989,"2,9495","2,9495","2,9495","2,9495","1,02%"
21.07.1989,"2,9341","2,9341","2,9341","2,9341","-0,52%"
21.07.1989,"2,9341","2,9341","2,9341","2,9341","-0,52%"
24.07.1989,"2,9589","2,9589","2,9589","2,9589","0,85%"
24.07.1989,"2,9589","2,9589","2,9589","2,9589","0,85%"
25.07.1989,"2,9568","2,9568","2,9568","2,9568","-0,07%"
25.07.1989,"2,9568","2,9568","2,9568","2,9568","-0,07%"
26.07.1989,"2,9677","2,9677","2,9677","2,9677","0,37%"
26.07.1989,"2,9677","2,9677","2,9677","2,9677","0,37%"
27.07.1989,"2,9351","2,9351","2,9351","2,9351","-1,10%"
27.07.1989,"2,9351","2,9351","2,9351","2,9351","-1,10%"
28.07.1989,"2,9444","2,9444","2,9444","2,9444","0,32%"
28.07.1989,"2,9444","2,9444","2,9444","2,9444","0,32%"
31.07.1989,"2,9452","2,9452","2,9452","2,9452","0,03%"
31.07.1989,"2,9452","2,9452","2,9452","2,9452","0,03%"
01.08.1989,"2,9629","2,9629","2,9629","2,9629","0,60%"
01.08.1989,"2,9629","2,9629","2,9629","2,9629","0,60%"
02.08.1989,"2,9188","2,9188","2,9188","2,9188","-1,49%"
02.08.1989,"2,9188","2,9188","2,9188","2,9188","-1,49%"
03.08.1989,"2,9225","2,9225","2,9225","2,9225","0,13%"
03.08.1989,"2,9225","2,9225","2,9225","2,9225","0,13%"
04.08.1989,"2,9090","2,9090","2,9090","2,9090","-0,46%"
04.08.1989,"2,9090","2,9090","2,9090","2,9090","-0,46%"
07.08.1989,"2,9159","2,9159","2,9159","2,9159","0,24%"
07.08.1989,"2,9159","2,9159","2,9159","2,9159","0,24%"
08.08.1989,"2,9299","2,9299","2,9299","2,9299","0,48%"
08.08.1989,"2,9299","2,9299","2,9299","2,9299","0,48%"
09.08.1989,"2,9322","2,9322","2,9322","2,9322","0,08%"
09.08.1989,"2,9322","2,9322","2,9322","2,9322","0,08%"
10.08.1989,"2,9061","2,9061","2,9061","2,9061","-0,89%"
10.08.1989,"2,9061","2,9061","2,9061","2,9061","-0,89%"
11.08.1989,"2,9237","2,9237","2,9237","2,9237","0,61%"
11.08.1989,"2,9237","2,9237","2,9237","2,9237","0,61%"
14.08.1989,"2,9028","2,9028","2,9028","2,9028","-0,71%"
14.08.1989,"2,9028","2,9028","2,9028","2,9028","-0,71%"
15.08.1989,"2,9137","2,9137","2,9137","2,9137","0,38%"
15.08.1989,"2,9137","2,9137","2,9137","2,9137","0,38%"
16.08.1989,"2,9213","2,9213","2,9213","2,9213","0,26%"
16.08.1989,"2,9213","2,9213","2,9213","2,9213","0,26%"
17.08.1989,"2,9178","2,9178","2,9178","2,9178","-0,12%"
17.08.1989,"2,9178","2,9178","2,9178","2,9178","-0,12%"
18.08.1989,"2,9225","2,9225","2,9225","2,9225","0,16%"
18.08.1989,"2,9225","2,9225","2,9225","2,9225","0,16%"
21.08.1989,"2,9252","2,9252","2,9252","2,9252","0,09%"
21.08.1989,"2,9252","2,9252","2,9252","2,9252","0,09%"
22.08.1989,"2,9343","2,9343","2,9343","2,9343","0,31%"
22.08.1989,"2,9343","2,9343","2,9343","2,9343","0,31%"
23.08.1989,"2,9227","2,9227","2,9227","2,9227","-0,40%"
23.08.1989,"2,9227","2,9227","2,9227","2,9227","-0,40%"
24.08.1989,"2,9272","2,9272","2,9272","2,9272","0,15%"
24.08.1989,"2,9272","2,9272","2,9272","2,9272","0,15%"
25.08.1989,"2,9251","2,9251","2,9251","2,9251","-0,07%"
25.08.1989,"2,9251","2,9251","2,9251","2,9251","-0,07%"
28.08.1989,"2,9328","2,9328","2,9328","2,9328","0,26%"
28.08.1989,"2,9328","2,9328","2,9328","2,9328","0,26%"
29.08.1989,"2,9419","2,9419","2,9419","2,9419","0,31%"
29.08.1989,"2,9419","2,9419","2,9419","2,9419","0,31%"
30.08.1989,"2,9103","2,9103","2,9103","2,9103","-1,07%"
30.08.1989,"2,9103","2,9103","2,9103","2,9103","-1,07%"
31.08.1989,"2,9252","2,9252","2,9252","2,9252","0,51%"
31.08.1989,"2,9252","2,9252","2,9252","2,9252","0,51%"
01.09.1989,"2,9143","2,9143","2,9143","2,9143","-0,37%"
01.09.1989,"2,9143","2,9143","2,9143","2,9143","-0,37%"
04.09.1989,"2,9190","2,9190","2,9190","2,9190","0,16%"
04.09.1989,"2,9190","2,9190","2,9190","2,9190","0,16%"
05.09.1989,"2,9280","2,9280","2,9280","2,9280","0,31%"
05.09.1989,"2,9280","2,9280","2,9280","2,9280","0,31%"
06.09.1989,"2,9385","2,9385","2,9385","2,9385","0,36%"
06.09.1989,"2,9385","2,9385","2,9385","2,9385","0,36%"
07.09.1989,"2,9447","2,9447","2,9447","2,9447","0,21%"
07.09.1989,"2,9447","2,9447","2,9447","2,9447","0,21%"
08.09.1989,"2,9156","2,9156","2,9156","2,9156","-0,99%"
08.09.1989,"2,9156","2,9156","2,9156","2,9156","-0,99%"
11.09.1989,"2,9479","2,9479","2,9479","2,9479","1,11%"
11.09.1989,"2,9479","2,9479","2,9479","2,9479","1,11%"
12.09.1989,"2,9358","2,9358","2,9358","2,9358","-0,41%"
12.09.1989,"2,9358","2,9358","2,9358","2,9358","-0,41%"
13.09.1989,"2,9619","2,9619","2,9619","2,9619","0,89%"
13.09.1989,"2,9619","2,9619","2,9619","2,9619","0,89%"
14.09.1989,"2,9482","2,9482","2,9482","2,9482","-0,46%"
14.09.1989,"2,9482","2,9482","2,9482","2,9482","-0,46%"
15.09.1989,"2,9994","2,9994","2,9994","2,9994","1,74%"
15.09.1989,"2,9994","2,9994","2,9994","2,9994","1,74%"
18.09.1989,"2,9972","2,9972","2,9972","2,9972","-0,07%"
18.09.1989,"2,9972","2,9972","2,9972","2,9972","-0,07%"
19.09.1989,"2,9859","2,9859","2,9859","2,9859","-0,38%"
19.09.1989,"2,9859","2,9859","2,9859","2,9859","-0,38%"
20.09.1989,"2,9851","2,9851","2,9851","2,9851","-0,03%"
20.09.1989,"2,9851","2,9851","2,9851","2,9851","-0,03%"
21.09.1989,"2,9812","2,9812","2,9812","2,9812","-0,13%"
21.09.1989,"2,9812","2,9812","2,9812","2,9812","-0,13%"
22.09.1989,"2,9660","2,9660","2,9660","2,9660","-0,51%"
22.09.1989,"2,9660","2,9660","2,9660","2,9660","-0,51%"
25.09.1989,"2,9887","2,9887","2,9887","2,9887","0,77%"
25.09.1989,"2,9887","2,9887","2,9887","2,9887","0,77%"
26.09.1989,"2,9850","2,9850","2,9850","2,9850","-0,12%"
26.09.1989,"2,9850","2,9850","2,9850","2,9850","-0,12%"
27.09.1989,"2,9836","2,9836","2,9836","2,9836","-0,05%"
27.09.1989,"2,9836","2,9836","2,9836","2,9836","-0,05%"
28.09.1989,"2,9869","2,9869","2,9869","2,9869","0,11%"
28.09.1989,"2,9869","2,9869","2,9869","2,9869","0,11%"
29.09.1989,"2,9617","2,9617","2,9617","2,9617","-0,84%"
29.09.1989,"2,9617","2,9617","2,9617","2,9617","-0,84%"
02.10.1989,"2,9518","2,9518","2,9518","2,9518","-0,33%"
02.10.1989,"2,9518","2,9518","2,9518","2,9518","-0,33%"
03.10.1989,"2,9357","2,9357","2,9357","2,9357","-0,55%"
03.10.1989,"2,9357","2,9357","2,9357","2,9357","-0,55%"
04.10.1989,"2,9378","2,9378","2,9378","2,9378","0,07%"
04.10.1989,"2,9378","2,9378","2,9378","2,9378","0,07%"
05.10.1989,"2,9348","2,9348","2,9348","2,9348","-0,10%"
05.10.1989,"2,9348","2,9348","2,9348","2,9348","-0,10%"
06.10.1989,"2,9505","2,9505","2,9505","2,9505","0,53%"
06.10.1989,"2,9505","2,9505","2,9505","2,9505","0,53%"
09.10.1989,"2,9432","2,9432","2,9432","2,9432","-0,25%"
09.10.1989,"2,9432","2,9432","2,9432","2,9432","-0,25%"
10.10.1989,"2,9168","2,9168","2,9168","2,9168","-0,90%"
10.10.1989,"2,9168","2,9168","2,9168","2,9168","-0,90%"
11.10.1989,"2,9397","2,9397","2,9397","2,9397","0,79%"
11.10.1989,"2,9397","2,9397","2,9397","2,9397","0,79%"
12.10.1989,"2,9353","2,9353","2,9353","2,9353","-0,15%"
12.10.1989,"2,9353","2,9353","2,9353","2,9353","-0,15%"
13.10.1989,"2,9947","2,9947","2,9947","2,9947","2,02%"
13.10.1989,"2,9947","2,9947","2,9947","2,9947","2,02%"
16.10.1989,"2,9180","2,9149","2,9180","2,9149","-2,56%"
16.10.1989,"2,9180","2,9149","2,9180","2,9149","-2,56%"
17.10.1989,"2,9191","2,9164","2,9191","2,9164","0,04%"
17.10.1989,"2,9191","2,9164","2,9191","2,9164","0,04%"
18.10.1989,"2,9399","2,9380","2,9399","2,9380","0,71%"
18.10.1989,"2,9399","2,9380","2,9399","2,9380","0,71%"
19.10.1989,"2,9444","2,9368","2,9444","2,9368","0,15%"
19.10.1989,"2,9444","2,9368","2,9444","2,9368","0,15%"
20.10.1989,"2,9383","2,9358","2,9383","2,9358","-0,21%"
20.10.1989,"2,9383","2,9358","2,9383","2,9358","-0,21%"
23.10.1989,"2,9556","2,9531","2,9556","2,9531","0,59%"
23.10.1989,"2,9556","2,9531","2,9556","2,9531","0,59%"
24.10.1989,"2,9501","2,9482","2,9501","2,9482","-0,19%"
24.10.1989,"2,9501","2,9482","2,9501","2,9482","-0,19%"
25.10.1989,"2,9484","2,9456","2,9484","2,9456","-0,06%"
25.10.1989,"2,9484","2,9456","2,9484","2,9456","-0,06%"
26.10.1989,"2,9432","2,9406","2,9432","2,9406","-0,18%"
26.10.1989,"2,9432","2,9406","2,9432","2,9406","-0,18%"
27.10.1989,"2,9578","2,9552","2,9578","2,9552","0,50%"
27.10.1989,"2,9578","2,9552","2,9578","2,9552","0,50%"
30.10.1989,"2,9457","2,9432","2,9457","2,9432","-0,41%"
30.10.1989,"2,9457","2,9432","2,9457","2,9432","-0,41%"
31.10.1989,"2,9379","2,9354","2,9379","2,9354","-0,26%"
31.10.1989,"2,9379","2,9354","2,9379","2,9354","-0,26%"
01.11.1989,"2,9216","2,9190","2,9216","2,9190","-0,55%"
01.11.1989,"2,9216","2,9190","2,9216","2,9190","-0,55%"
02.11.1989,"2,9394","2,9370","2,9394","2,9370","0,61%"
02.11.1989,"2,9394","2,9370","2,9394","2,9370","0,61%"
03.11.1989,"2,9204","2,9180","2,9204","2,9180","-0,65%"
03.11.1989,"2,9204","2,9180","2,9204","2,9180","-0,65%"
06.11.1989,"2,9264","2,9241","2,9264","2,9241","0,21%"
06.11.1989,"2,9264","2,9241","2,9264","2,9241","0,21%"
07.11.1989,"2,9346","2,9322","2,9346","2,9322","0,28%"
07.11.1989,"2,9346","2,9322","2,9346","2,9322","0,28%"
08.11.1989,"2,9336","2,9310","2,9336","2,9310","-0,03%"
08.11.1989,"2,9336","2,9310","2,9336","2,9310","-0,03%"
09.11.1989,"2,9233","2,9207","2,9233","2,9207","-0,35%"
09.11.1989,"2,9233","2,9207","2,9233","2,9207","-0,35%"
10.11.1989,"2,9155","2,9129","2,9155","2,9129","-0,27%"
10.11.1989,"2,9155","2,9129","2,9155","2,9129","-0,27%"
13.11.1989,"2,9314","2,9290","2,9314","2,9290","0,55%"
13.11.1989,"2,9314","2,9290","2,9314","2,9290","0,55%"
14.11.1989,"2,9460","2,9434","2,9460","2,9434","0,50%"
14.11.1989,"2,9460","2,9434","2,9460","2,9434","0,50%"
15.11.1989,"2,9258","2,9228","2,9258","2,9228","-0,69%"
15.11.1989,"2,9258","2,9228","2,9258","2,9228","-0,69%"
16.11.1989,"2,9213","2,9187","2,9213","2,9187","-0,15%"
16.11.1989,"2,9213","2,9187","2,9213","2,9187","-0,15%"
17.11.1989,"2,9261","2,9235","2,9261","2,9235","0,16%"
17.11.1989,"2,9261","2,9235","2,9261","2,9235","0,16%"
20.11.1989,"2,9239","2,9239","2,9239","2,9239","-0,08%"
20.11.1989,"2,9239","2,9239","2,9239","2,9239","-0,08%"
21.11.1989,"2,9389","2,9363","2,9389","2,9363","0,51%"
21.11.1989,"2,9389","2,9363","2,9389","2,9363","0,51%"
22.11.1989,"2,9470","2,9444","2,9470","2,9444","0,28%"
22.11.1989,"2,9470","2,9444","2,9470","2,9444","0,28%"
23.11.1989,"2,9409","2,9391","2,9409","2,9391","-0,21%"
23.11.1989,"2,9409","2,9391","2,9409","2,9391","-0,21%"
24.11.1989,"2,9564","2,9537","2,9564","2,9537","0,53%"
24.11.1989,"2,9564","2,9537","2,9564","2,9537","0,53%"
27.11.1989,"2,9649","2,9624","2,9649","2,9624","0,29%"
27.11.1989,"2,9649","2,9624","2,9649","2,9624","0,29%"
28.11.1989,"2,9871","2,9845","2,9871","2,9845","0,75%"
28.11.1989,"2,9871","2,9845","2,9871","2,9845","0,75%"
29.11.1989,"2,9646","2,9620","2,9646","2,9620","-0,75%"
29.11.1989,"2,9646","2,9620","2,9646","2,9620","-0,75%"
30.11.1989,"2,9785","2,9759","2,9785","2,9759","0,47%"
30.11.1989,"2,9785","2,9759","2,9785","2,9759","0,47%"
01.12.1989,"2,9684","2,9658","2,9684","2,9658","-0,34%"
01.12.1989,"2,9684","2,9658","2,9684","2,9658","-0,34%"
04.12.1989,"2,9632","2,9610","2,9632","2,9610","-0,18%"
04.12.1989,"2,9632","2,9610","2,9632","2,9610","-0,18%"
05.12.1989,"2,9673","2,9647","2,9673","2,9647","0,14%"
05.12.1989,"2,9673","2,9647","2,9673","2,9647","0,14%"
06.12.1989,"2,9707","2,9681","2,9707","2,9681","0,11%"
06.12.1989,"2,9707","2,9681","2,9707","2,9681","0,11%"
07.12.1989,"2,9720","2,9694","2,9720","2,9694","0,04%"
07.12.1989,"2,9720","2,9694","2,9720","2,9694","0,04%"
08.12.1989,"2,9819","2,9781","2,9819","2,9781","0,33%"
08.12.1989,"2,9819","2,9781","2,9819","2,9781","0,33%"
11.12.1989,"2,9952","2,9926","2,9952","2,9926","0,45%"
11.12.1989,"2,9952","2,9926","2,9952","2,9926","0,45%"
12.12.1989,"3,0101","3,0075","3,0101","3,0075","0,50%"
12.12.1989,"3,0101","3,0075","3,0101","3,0075","0,50%"
13.12.1989,"3,0140","3,0113","3,0140","3,0113","0,13%"
13.12.1989,"3,0140","3,0113","3,0140","3,0113","0,13%"
14.12.1989,"3,0111","3,0093","3,0111","3,0093","-0,10%"
14.12.1989,"3,0111","3,0093","3,0111","3,0093","-0,10%"
15.12.1989,"3,0130","3,0090","3,0130","3,0090","0,06%"
15.12.1989,"3,0130","3,0090","3,0130","3,0090","0,06%"
18.12.1989,"3,0054","3,0016","3,0054","3,0016","-0,25%"
18.12.1989,"3,0054","3,0016","3,0054","3,0016","-0,25%"
19.12.1989,"3,0031","3,0012","3,0031","3,0012","-0,08%"
19.12.1989,"3,0031","3,0012","3,0031","3,0012","-0,08%"
20.12.1989,"3,0272","3,0245","3,0272","3,0245","0,80%"
20.12.1989,"3,0272","3,0245","3,0272","3,0245","0,80%"
21.12.1989,"3,0158","3,0132","3,0158","3,0132","-0,38%"
21.12.1989,"3,0158","3,0132","3,0158","3,0132","-0,38%"
22.12.1989,"3,0373","3,0304","3,0373","3,0304","0,71%"
22.12.1989,"3,0373","3,0304","3,0373","3,0304","0,71%"
27.12.1989,"3,0509","3,0490","3,0509","3,0490","0,45%"
27.12.1989,"3,0509","3,0490","3,0509","3,0490","0,45%"
28.12.1989,"3,0490","3,0420","3,0490","3,0420","-0,06%"
28.12.1989,"3,0490","3,0420","3,0490","3,0420","-0,06%"
29.12.1989,"3,0430","3,0408","3,0430","3,0408","-0,20%"
29.12.1989,"3,0430","3,0408","3,0430","3,0408","-0,20%"
02.01.1990,"3,0244","3,0215","3,0244","3,0215","-0,61%"
03.01.1990,"3,0299","3,0271","3,0299","3,0271","0,18%"
04.01.1990,"3,0862","3,0821","3,0862","3,0821","1,86%"
05.01.1990,"3,0532","3,0510","3,0532","3,0510","-1,07%"
08.01.1990,"3,0831","3,0790","3,0831","3,0790","0,98%"
09.01.1990,"3,0779","3,0740","3,0779","3,0740","-0,17%"
10.01.1990,"3,0781","3,0741","3,0781","3,0741","0,01%"
11.01.1990,"3,0800","3,0761","3,0800","3,0761","0,06%"
12.01.1990,"3,0726","3,0708","3,0726","3,0708","-0,24%"
15.01.1990,"3,0595","3,0553","3,0595","3,0553","-0,43%"
16.01.1990,"3,0711","3,0671","3,0711","3,0671","0,38%"
17.01.1990,"3,0787","3,0765","3,0787","3,0765","0,25%"
18.01.1990,"3,0494","3,0461","3,0494","3,0461","-0,95%"
19.01.1990,"3,0546","3,0506","3,0546","3,0506","0,17%"
22.01.1990,"3,0356","3,0338","3,0356","3,0338","-0,62%"
23.01.1990,"3,0658","3,0631","3,0658","3,0631","0,99%"
24.01.1990,"3,0741","3,0720","3,0741","3,0720","0,27%"
25.01.1990,"3,0930","3,0889","3,0930","3,0889","0,61%"
26.01.1990,"3,0924","3,0884","3,0924","3,0884","-0,02%"
29.01.1990,"3,0941","3,0923","3,0941","3,0923","0,05%"
30.01.1990,"3,0918","3,0890","3,0918","3,0890","-0,07%"
31.01.1990,"3,0949","3,0909","3,0949","3,0909","0,10%"
01.02.1990,"3,1090","3,1068","3,1090","3,1068","0,46%"
02.02.1990,"3,0934","3,0916","3,0934","3,0916","-0,50%"
05.02.1990,"3,1192","3,1152","3,1192","3,1152","0,83%"
06.02.1990,"3,1095","3,1079","3,1095","3,1079","-0,31%"
07.02.1990,"3,1008","3,0986","3,1008","3,0986","-0,28%"
08.02.1990,"3,1058","3,1029","3,1058","3,1029","0,16%"
09.02.1990,"3,1127","3,1099","3,1127","3,1099","0,22%"
12.02.1990,"3,0903","3,0876","3,0903","3,0876","-0,72%"
13.02.1990,"3,0927","3,0900","3,0927","3,0900","0,08%"
14.02.1990,"3,0933","3,0905","3,0933","3,0905","0,02%"
15.02.1990,"3,0662","3,0644","3,0662","3,0644","-0,88%"
16.02.1990,"3,1063","3,1023","3,1063","3,1023","1,31%"
19.02.1990,"3,0921","3,0905","3,0921","3,0905","-0,46%"
20.02.1990,"3,1055","3,1033","3,1055","3,1033","0,43%"
21.02.1990,"3,0971","3,0953","3,0971","3,0953","-0,27%"
22.02.1990,"3,1081","3,1063","3,1081","3,1063","0,36%"
23.02.1990,"3,0981","3,0962","3,0981","3,0962","-0,32%"
26.02.1990,"3,0874","3,0856","3,0874","3,0856","-0,35%"
27.02.1990,"3,0868","3,0840","3,0868","3,0840","-0,02%"
28.02.1990,"3,0703","3,0685","3,0703","3,0685","-0,53%"
01.03.1990,"3,0738","3,0717","3,0738","3,0717","0,11%"
02.03.1990,"3,0764","3,0725","3,0764","3,0725","0,08%"
05.03.1990,"3,1006","3,0966","3,1006","3,0966","0,79%"
06.03.1990,"3,0879","3,0861","3,0879","3,0861","-0,41%"
07.03.1990,"3,1162","3,1135","3,1162","3,1135","0,92%"
08.03.1990,"3,1074","3,1047","3,1074","3,1047","-0,28%"
09.03.1990,"3,0994","3,0976","3,0994","3,0976","-0,26%"
12.03.1990,"3,0938","3,0911","3,0938","3,0911","-0,18%"
13.03.1990,"3,1257","3,1230","3,1257","3,1230","1,03%"
14.03.1990,"3,1187","3,1160","3,1187","3,1160","-0,22%"
15.03.1990,"3,1402","3,1374","3,1402","3,1374","0,69%"
16.03.1990,"3,1233","3,1204","3,1233","3,1204","-0,54%"
19.03.1990,"3,1347","3,1320","3,1347","3,1320","0,36%"
20.03.1990,"3,1185","3,1158","3,1185","3,1158","-0,52%"
21.03.1990,"3,1286","3,1268","3,1286","3,1268","0,32%"
22.03.1990,"3,1468","3,1450","3,1468","3,1450","0,58%"
23.03.1990,"3,1269","3,1251","3,1269","3,1251","-0,63%"
26.03.1990,"3,1901","3,1873","3,1901","3,1873","2,02%"
27.03.1990,"3,1658","3,1630","3,1658","3,1630","-0,76%"
28.03.1990,"3,1788","3,1761","3,1788","3,1761","0,41%"
29.03.1990,"3,2058","3,2040","3,2058","3,2040","0,85%"
30.03.1990,"3,2035","3,2016","3,2035","3,2016","-0,07%"
02.04.1990,"3,2059","3,2032","3,2059","3,2032","0,07%"
03.04.1990,"3,2009","3,1991","3,2009","3,1991","-0,16%"
04.04.1990,"3,1974","3,1956","3,1974","3,1956","-0,11%"
05.04.1990,"3,1975","3,1948","3,1975","3,1948","0,00%"
06.04.1990,"3,1951","3,1912","3,1951","3,1912","-0,08%"
09.04.1990,"3,2000","3,1981","3,2000","3,1981","0,15%"
10.04.1990,"3,2445","3,2425","3,2445","3,2425","1,39%"
11.04.1990,"3,2344","3,2329","3,2344","3,2329","-0,31%"
12.04.1990,"3,2325","3,2303","3,2325","3,2303","-0,06%"
17.04.1990,"3,2319","3,2290","3,2319","3,2290","-0,02%"
18.04.1990,"3,2350","3,2321","3,2350","3,2321","0,10%"
19.04.1990,"3,2119","3,2101","3,2119","3,2101","-0,71%"
20.04.1990,"3,2111","3,2083","3,2111","3,2083","-0,02%"
23.04.1990,"3,2020","3,2001","3,2020","3,2001","-0,28%"
24.04.1990,"3,1992","3,1965","3,1992","3,1965","-0,09%"
25.04.1990,"3,2363","3,2344","3,2363","3,2344","1,16%"
26.04.1990,"3,2391","3,2371","3,2391","3,2371","0,09%"
27.04.1990,"3,2389","3,2368","3,2389","3,2368","-0,01%"
30.04.1990,"3,2449","3,2430","3,2449","3,2430","0,19%"
01.05.1990,"3,2341","3,2301","3,2341","3,2301","-0,33%"
02.05.1990,"3,2325","3,2307","3,2325","3,2307","-0,05%"
03.05.1990,"3,2382","3,2364","3,2382","3,2364","0,18%"
04.05.1990,"3,2614","3,2574","3,2614","3,2574","0,72%"
07.05.1990,"3,2715","3,2695","3,2715","3,2695","0,31%"
08.05.1990,"3,2630","3,2604","3,2630","3,2604","-0,26%"
09.05.1990,"3,2890","3,2870","3,2890","3,2870","0,80%"
10.05.1990,"3,2984","3,2964","3,2984","3,2964","0,29%"
11.05.1990,"3,2818","3,2800","3,2818","3,2800","-0,50%"
14.05.1990,"3,2772","3,2753","3,2772","3,2753","-0,14%"
15.05.1990,"3,2739","3,2711","3,2739","3,2711","-0,10%"
16.05.1990,"3,2762","3,2733","3,2762","3,2733","0,07%"
17.05.1990,"3,2694","3,2675","3,2694","3,2675","-0,21%"
18.05.1990,"3,2784","3,2768","3,2784","3,2768","0,28%"
21.05.1990,"3,2538","3,2520","3,2538","3,2520","-0,75%"
22.05.1990,"3,2457","3,2429","3,2457","3,2429","-0,25%"
23.05.1990,"3,2428","3,2408","3,2428","3,2408","-0,09%"
24.05.1990,"3,2263","3,2241","3,2263","3,2241","-0,51%"
25.05.1990,"3,2381","3,2361","3,2381","3,2361","0,37%"
28.05.1990,"3,2529","3,2513","3,2529","3,2513","0,46%"
29.05.1990,"3,2557","3,2538","3,2557","3,2538","0,09%"
30.05.1990,"3,2398","3,2371","3,2398","3,2371","-0,49%"
31.05.1990,"3,2354","3,2284","3,2354","3,2284","-0,14%"
01.06.1990,"3,2217","3,2189","3,2217","3,2189","-0,42%"
04.06.1990,"3,2490","3,2472","3,2490","3,2472","0,85%"
05.06.1990,"3,2472","3,2452","3,2472","3,2452","-0,06%"
06.06.1990,"3,2374","3,2340","3,2374","3,2340","-0,30%"
07.06.1990,"3,2323","3,2304","3,2323","3,2304","-0,16%"
08.06.1990,"3,2276","3,2258","3,2276","3,2258","-0,15%"
11.06.1990,"3,2355","3,2340","3,2355","3,2340","0,24%"
12.06.1990,"3,2508","3,2486","3,2508","3,2486","0,47%"
13.06.1990,"3,2427","3,2411","3,2427","3,2411","-0,25%"
14.06.1990,"3,2744","3,2706","3,2744","3,2706","0,98%"
15.06.1990,"3,2553","3,2530","3,2553","3,2530","-0,58%"
18.06.1990,"3,2814","3,2792","3,2814","3,2792","0,80%"
19.06.1990,"3,2868","3,2854","3,2868","3,2854","0,16%"
20.06.1990,"3,2822","3,2809","3,2822","3,2809","-0,14%"
21.06.1990,"3,2803","3,2763","3,2803","3,2763","-0,06%"
22.06.1990,"3,2824","3,2801","3,2824","3,2801","0,06%"
25.06.1990,"3,2775","3,2753","3,2775","3,2753","-0,15%"
26.06.1990,"3,2845","3,2813","3,2845","3,2813","0,21%"
27.06.1990,"3,2908","3,2891","3,2908","3,2891","0,19%"
28.06.1990,"3,2858","3,2844","3,2858","3,2844","-0,15%"
29.06.1990,"3,2925","3,2902","3,2925","3,2902","0,20%"
02.07.1990,"3,2998","3,2975","3,2998","3,2975","0,22%"
03.07.1990,"3,3127","3,3114","3,3127","3,3114","0,39%"
04.07.1990,"3,3153","3,3137","3,3153","3,3137","0,08%"
05.07.1990,"3,3133","3,3111","3,3133","3,3111","-0,06%"
06.07.1990,"3,3075","3,3049","3,3075","3,3049","-0,18%"
09.07.1990,"3,3163","3,3140","3,3163","3,3140","0,27%"
10.07.1990,"3,3222","3,3199","3,3222","3,3199","0,18%"
11.07.1990,"3,3054","3,3031","3,3054","3,3031","-0,51%"
12.07.1990,"3,3011","3,2997","3,3011","3,2997","-0,13%"
13.07.1990,"3,3151","3,3125","3,3151","3,3125","0,42%"
16.07.1990,"3,3072","3,3053","3,3072","3,3053","-0,24%"
17.07.1990,"3,3127","3,3104","3,3127","3,3104","0,17%"
18.07.1990,"3,3020","3,2988","3,3020","3,2988","-0,32%"
19.07.1990,"3,3110","3,3088","3,3110","3,3088","0,27%"
20.07.1990,"3,3108","3,3095","3,3108","3,3095","-0,01%"
23.07.1990,"3,3296","3,3264","3,3296","3,3264","0,57%"
24.07.1990,"3,3304","3,3289","3,3304","3,3289","0,02%"
25.07.1990,"3,3330","3,3304","3,3330","3,3304","0,08%"
26.07.1990,"3,3384","3,3366","3,3384","3,3366","0,16%"
27.07.1990,"3,3472","3,3458","3,3472","3,3458","0,26%"
30.07.1990,"3,3460","3,3443","3,3460","3,3443","-0,04%"
31.07.1990,"3,3784","3,3760","3,3784","3,3760","0,97%"
01.08.1990,"3,3689","3,3665","3,3689","3,3665","-0,28%"
02.08.1990,"3,3917","3,3900","3,3917","3,3900","0,68%"
03.08.1990,"3,3746","3,3730","3,3746","3,3730","-0,50%"
06.08.1990,"3,3968","3,3945","3,3968","3,3945","0,66%"
07.08.1990,"3,3870","3,3856","3,3870","3,3856","-0,29%"
08.08.1990,"3,3770","3,3741","3,3770","3,3741","-0,30%"
09.08.1990,"3,3813","3,3788","3,3813","3,3788","0,13%"
10.08.1990,"3,3859","3,3826","3,3859","3,3826","0,14%"
13.08.1990,"3,4064","3,4051","3,4064","3,4051","0,61%"
14.08.1990,"3,4191","3,4167","3,4191","3,4167","0,37%"
15.08.1990,"3,4214","3,4181","3,4214","3,4181","0,07%"
16.08.1990,"3,4174","3,4151","3,4174","3,4151","-0,12%"
17.08.1990,"3,4295","3,4295","3,4295","3,4295","0,35%"
20.08.1990,"3,4129","3,4110","3,4129","3,4110","-0,48%"
21.08.1990,"3,3941","3,3914","3,3941","3,3914","-0,55%"
22.08.1990,"3,3963","3,3936","3,3963","3,3936","0,06%"
23.08.1990,"3,3967","3,3945","3,3967","3,3945","0,01%"
24.08.1990,"3,4194","3,4171","3,4194","3,4171","0,67%"
27.08.1990,"3,4189","3,4173","3,4189","3,4173","-0,01%"
28.08.1990,"3,4123","3,4100","3,4123","3,4100","-0,19%"
29.08.1990,"3,4056","3,4033","3,4056","3,4033","-0,20%"
30.08.1990,"3,3975","3,3958","3,3975","3,3958","-0,24%"
31.08.1990,"3,3864","3,3841","3,3864","3,3841","-0,33%"
03.09.1990,"3,3743","3,3727","3,3743","3,3727","-0,36%"
04.09.1990,"3,3663","3,3648","3,3663","3,3648","-0,24%"
05.09.1990,"3,3982","3,3959","3,3982","3,3959","0,95%"
06.09.1990,"3,4057","3,4031","3,4057","3,4031","0,22%"
07.09.1990,"3,3916","3,3884","3,3916","3,3884","-0,41%"
10.09.1990,"3,3730","3,3701","3,3730","3,3701","-0,55%"
11.09.1990,"3,3702","3,3670","3,3702","3,3670","-0,08%"
12.09.1990,"3,3697","3,3661","3,3697","3,3661","-0,01%"
13.09.1990,"3,3625","3,3584","3,3625","3,3584","-0,21%"
14.09.1990,"3,3867","3,3841","3,3867","3,3841","0,72%"
17.09.1990,"3,4190","3,4153","3,4190","3,4153","0,95%"
18.09.1990,"3,4126","3,4089","3,4126","3,4089","-0,19%"
19.09.1990,"3,3893","3,3870","3,3893","3,3870","-0,68%"
20.09.1990,"3,3791","3,3765","3,3791","3,3765","-0,30%"
21.09.1990,"3,3879","3,3849","3,3879","3,3849","0,26%"
24.09.1990,"3,4157","3,4120","3,4157","3,4120","0,82%"
25.09.1990,"3,3979","3,3946","3,3979","3,3946","-0,52%"
26.09.1990,"3,3828","3,3813","3,3828","3,3813","-0,44%"
27.09.1990,"3,3712","3,3666","3,3712","3,3666","-0,34%"
28.09.1990,"3,3773","3,3757","3,3773","3,3757","0,18%"
01.10.1990,"3,4096","3,4063","3,4096","3,4063","0,96%"
02.10.1990,"3,4218","3,4194","3,4218","3,4194","0,36%"
03.10.1990,"3,4365","3,4333","3,4365","3,4333","0,43%"
04.10.1990,"3,4343","3,4322","3,4343","3,4322","-0,06%"
05.10.1990,"3,4095","3,4030","3,4095","3,4030","-0,72%"
08.10.1990,"3,4346","3,4326","3,4346","3,4326","0,74%"
09.10.1990,"3,4513","3,4491","3,4513","3,4491","0,49%"
10.10.1990,"3,4421","3,4375","3,4421","3,4375","-0,27%"
11.10.1990,"3,4593","3,4578","3,4593","3,4578","0,50%"
12.10.1990,"3,4481","3,4458","3,4481","3,4458","-0,32%"
15.10.1990,"3,4518","3,4503","3,4518","3,4503","0,11%"
16.10.1990,"3,4769","3,4755","3,4769","3,4755","0,73%"
17.10.1990,"3,4617","3,4593","3,4617","3,4593","-0,44%"
18.10.1990,"3,4750","3,4727","3,4750","3,4727","0,38%"
19.10.1990,"3,4874","3,4841","3,4874","3,4841","0,36%"
22.10.1990,"3,4606","3,4590","3,4606","3,4590","-0,77%"
23.10.1990,"3,4614","3,4591","3,4614","3,4591","0,02%"
24.10.1990,"3,4802","3,4785","3,4802","3,4785","0,54%"
25.10.1990,"3,4656","3,4610","3,4656","3,4610","-0,42%"
26.10.1990,"3,4706","3,4689","3,4706","3,4689","0,14%"
29.10.1990,"3,4806","3,4766","3,4806","3,4766","0,29%"
30.10.1990,"3,4710","3,4676","3,4710","3,4676","-0,28%"
31.10.1990,"3,4768","3,4735","3,4768","3,4735","0,17%"
01.11.1990,"3,4962","3,4928","3,4962","3,4928","0,56%"
02.11.1990,"3,4915","3,4882","3,4915","3,4882","-0,13%"
05.11.1990,"3,5137","3,5113","3,5137","3,5113","0,64%"
06.11.1990,"3,5125","3,5097","3,5125","3,5097","-0,03%"
07.11.1990,"3,5113","3,5086","3,5113","3,5086","-0,03%"
08.11.1990,"3,5171","3,5132","3,5171","3,5132","0,17%"
09.11.1990,"3,5115","3,5092","3,5115","3,5092","-0,16%"
12.11.1990,"3,5132","3,5109","3,5132","3,5109","0,05%"
13.11.1990,"3,5112","3,5097","3,5112","3,5097","-0,06%"
14.11.1990,"3,5121","3,5094","3,5121","3,5094","0,03%"
15.11.1990,"3,5197","3,5174","3,5197","3,5174","0,22%"
16.11.1990,"3,5316","3,5298","3,5316","3,5298","0,34%"
19.11.1990,"3,5278","3,5244","3,5278","3,5244","-0,11%"
20.11.1990,"3,5251","3,5221","3,5251","3,5221","-0,08%"
21.11.1990,"3,5076","3,5061","3,5076","3,5061","-0,50%"
22.11.1990,"3,5097","3,5080","3,5097","3,5080","0,06%"
23.11.1990,"3,4904","3,4881","3,4904","3,4881","-0,55%"
26.11.1990,"3,4876","3,4849","3,4876","3,4849","-0,08%"
27.11.1990,"3,5048","3,5031","3,5048","3,5031","0,49%"
28.11.1990,"3,4830","3,4803","3,4830","3,4803","-0,62%"
29.11.1990,"3,4768","3,4740","3,4768","3,4740","-0,18%"
30.11.1990,"3,4572","3,4558","3,4572","3,4558","-0,56%"
03.12.1990,"3,4466","3,4433","3,4466","3,4433","-0,31%"
04.12.1990,"3,4634","3,4607","3,4634","3,4607","0,49%"
05.12.1990,"3,4607","3,4580","3,4607","3,4580","-0,08%"
06.12.1990,"3,4682","3,4668","3,4682","3,4668","0,22%"
07.12.1990,"3,4929","3,4913","3,4929","3,4913","0,71%"
10.12.1990,"3,4923","3,4897","3,4923","3,4897","-0,02%"
11.12.1990,"3,4876","3,4843","3,4876","3,4843","-0,13%"
12.12.1990,"3,4821","3,4801","3,4821","3,4801","-0,16%"
13.12.1990,"3,4929","3,4889","3,4929","3,4889","0,31%"
14.12.1990,"3,4870","3,4843","3,4870","3,4843","-0,17%"
17.12.1990,"3,4760","3,4733","3,4760","3,4733","-0,32%"
18.12.1990,"3,4796","3,4776","3,4796","3,4776","0,10%"
19.12.1990,"3,4899","3,4879","3,4899","3,4879","0,30%"
20.12.1990,"3,4611","3,4572","3,4611","3,4572","-0,83%"
21.12.1990,"3,4307","3,4284","3,4307","3,4284","-0,88%"
24.12.1990,"3,4458","3,4435","3,4458","3,4435","0,44%"
25.12.1990,"3,4458","3,4435","3,4458","3,4435","0,00%"
26.12.1990,"3,4458","3,4435","3,4458","3,4435","0,00%"
27.12.1990,"3,4551","3,4505","3,4551","3,4505","0,27%"
28.12.1990,"3,4783","3,4750","3,4783","3,4750","0,67%"
31.12.1990,"3,4961","3,4914","3,4961","3,4914","0,51%"
02.01.1991,"3,5051","3,5010","3,5051","3,5010","0,26%"
03.01.1991,"3,5009","3,4989","3,5009","3,4989","-0,12%"
04.01.1991,"3,4748","3,4701","3,4748","3,4701","-0,75%"
07.01.1991,"3,4740","3,4700","3,4740","3,4700","-0,02%"
08.01.1991,"3,4703","3,4676","3,4703","3,4676","-0,11%"
09.01.1991,"3,5076","3,5043","3,5076","3,5043","1,07%"
10.01.1991,"3,4973","3,4943","3,4973","3,4943","-0,29%"
11.01.1991,"3,4836","3,4821","3,4836","3,4821","-0,39%"
14.01.1991,"3,4934","3,4887","3,4934","3,4887","0,28%"
15.01.1991,"3,4628","3,4588","3,4628","3,4588","-0,88%"
16.01.1991,"3,4602","3,4562","3,4602","3,4562","-0,08%"
17.01.1991,"3,4967","3,4940","3,4967","3,4940","1,05%"
18.01.1991,"3,5120","3,5079","3,5120","3,5079","0,44%"
21.01.1991,"3,5062","3,5036","3,5062","3,5036","-0,17%"
22.01.1991,"3,5051","3,5018","3,5051","3,5018","-0,03%"
23.01.1991,"3,5318","3,5292","3,5318","3,5292","0,76%"
24.01.1991,"3,5271","3,5232","3,5271","3,5232","-0,13%"
25.01.1991,"3,5303","3,5278","3,5303","3,5278","0,09%"
28.01.1991,"3,5261","3,5238","3,5261","3,5238","-0,12%"
29.01.1991,"3,5286","3,5270","3,5286","3,5270","0,07%"
30.01.1991,"3,5259","3,5243","3,5259","3,5243","-0,08%"
31.01.1991,"3,5394","3,5347","3,5394","3,5347","0,38%"
01.02.1991,"3,5464","3,5423","3,5464","3,5423","0,20%"
04.02.1991,"3,5493","3,5459","3,5493","3,5459","0,08%"
05.02.1991,"3,5595","3,5555","3,5595","3,5555","0,29%"
06.02.1991,"3,5646","3,5619","3,5646","3,5619","0,14%"
07.02.1991,"3,5774","3,5741","3,5774","3,5741","0,36%"
08.02.1991,"3,5591","3,5574","3,5591","3,5574","-0,51%"
11.02.1991,"3,5784","3,5736","3,5784","3,5736","0,54%"
12.02.1991,"3,5644","3,5611","3,5644","3,5611","-0,39%"
13.02.1991,"3,5657","3,5634","3,5657","3,5634","0,04%"
14.02.1991,"3,5443","3,5420","3,5443","3,5420","-0,60%"
15.02.1991,"3,5295","3,5262","3,5295","3,5262","-0,42%"
18.02.1991,"3,5183","3,5150","3,5183","3,5150","-0,32%"
19.02.1991,"3,5120","3,5079","3,5120","3,5079","-0,18%"
20.02.1991,"3,5039","3,5013","3,5039","3,5013","-0,23%"
21.02.1991,"3,5170","3,5144","3,5170","3,5144","0,37%"
22.02.1991,"3,4761","3,4738","3,4761","3,4738","-1,16%"
25.02.1991,"3,4671","3,4632","3,4671","3,4632","-0,26%"
26.02.1991,"3,4591","3,4567","3,4591","3,4567","-0,23%"
27.02.1991,"3,4680","3,4646","3,4680","3,4646","0,26%"
28.02.1991,"3,4523","3,4499","3,4523","3,4499","-0,45%"
01.03.1991,"3,4545","3,4530","3,4545","3,4530","0,06%"
04.03.1991,"3,4718","3,4703","3,4718","3,4703","0,50%"
05.03.1991,"3,4581","3,4555","3,4581","3,4555","-0,39%"
06.03.1991,"3,4680","3,4657","3,4680","3,4657","0,29%"
07.03.1991,"3,4446","3,4422","3,4446","3,4422","-0,67%"
08.03.1991,"3,4190","3,4151","3,4190","3,4151","-0,74%"
11.03.1991,"3,4125","3,4099","3,4125","3,4099","-0,19%"
12.03.1991,"3,4126","3,4087","3,4126","3,4087","0,00%"
13.03.1991,"3,4180","3,4141","3,4180","3,4141","0,16%"
14.03.1991,"3,4213","3,4197","3,4213","3,4197","0,10%"
15.03.1991,"3,3916","3,3884","3,3916","3,3884","-0,87%"
18.03.1991,"3,3819","3,3787","3,3819","3,3787","-0,29%"
19.03.1991,"3,3397","3,3375","3,3397","3,3375","-1,25%"
20.03.1991,"3,3772","3,3740","3,3772","3,3740","1,12%"
21.03.1991,"3,3701","3,3678","3,3701","3,3678","-0,21%"
22.03.1991,"3,3757","3,3740","3,3757","3,3740","0,17%"
25.03.1991,"3,3372","3,3347","3,3372","3,3347","-1,14%"
26.03.1991,"3,3359","3,3315","3,3359","3,3315","-0,04%"
27.03.1991,"3,3074","3,3030","3,3074","3,3030","-0,85%"
28.03.1991,"3,2927","3,2869","3,2927","3,2869","-0,44%"
29.03.1991,"3,3115","3,3071","3,3115","3,3071","0,57%"
01.04.1991,"3,3115","3,3071","3,3115","3,3071","0,00%"
02.04.1991,"3,3064","3,3025","3,3064","3,3025","-0,15%"
03.04.1991,"3,3082","3,3050","3,3082","3,3050","0,05%"
04.04.1991,"3,3228","3,3190","3,3228","3,3190","0,44%"
05.04.1991,"3,3196","3,3152","3,3196","3,3152","-0,10%"
08.04.1991,"3,3190","3,3168","3,3190","3,3168","-0,02%"
09.04.1991,"3,3517","3,3491","3,3517","3,3491","0,99%"
10.04.1991,"3,3239","3,3215","3,3239","3,3215","-0,83%"
11.04.1991,"3,3546","3,3513","3,3546","3,3513","0,92%"
12.04.1991,"3,3348","3,3325","3,3348","3,3325","-0,59%"
15.04.1991,"3,3563","3,3540","3,3563","3,3540","0,64%"
16.04.1991,"3,3598","3,3572","3,3598","3,3572","0,10%"
17.04.1991,"3,3579","3,3556","3,3579","3,3556","-0,06%"
18.04.1991,"3,3356","3,3324","3,3356","3,3324","-0,66%"
19.04.1991,"3,2935","3,2921","3,2935","3,2921","-1,26%"
22.04.1991,"3,2743","3,2711","3,2743","3,2711","-0,58%"
23.04.1991,"3,3016","3,2984","3,3016","3,2984","0,83%"
24.04.1991,"3,2704","3,2667","3,2704","3,2667","-0,94%"
25.04.1991,"3,2881","3,2858","3,2881","3,2858","0,54%"
26.04.1991,"3,2823","3,2804","3,2823","3,2804","-0,18%"
29.04.1991,"3,3148","3,3112","3,3148","3,3112","0,99%"
30.04.1991,"3,3350","3,3313","3,3350","3,3313","0,61%"
01.05.1991,"3,3286","3,3242","3,3286","3,3242","-0,19%"
02.05.1991,"3,3137","3,3094","3,3137","3,3094","-0,45%"
03.05.1991,"3,2896","3,2872","3,2896","3,2872","-0,73%"
06.05.1991,"3,3226","3,3204","3,3226","3,3204","1,00%"
07.05.1991,"3,3297","3,3272","3,3297","3,3272","0,21%"
08.05.1991,"3,3480","3,3448","3,3480","3,3448","0,55%"
09.05.1991,"3,3600","3,3574","3,3600","3,3574","0,36%"
10.05.1991,"3,3329","3,3297","3,3329","3,3297","-0,81%"
13.05.1991,"3,3574","3,3548","3,3574","3,3548","0,74%"
14.05.1991,"3,3748","3,3717","3,3748","3,3717","0,52%"
15.05.1991,"3,3846","3,3802","3,3846","3,3802","0,29%"
16.05.1991,"3,3788","3,3751","3,3788","3,3751","-0,17%"
17.05.1991,"3,3231","3,3187","3,3231","3,3187","-1,65%"
20.05.1991,"3,3324","3,3292","3,3324","3,3292","0,28%"
21.05.1991,"3,3575","3,3549","3,3575","3,3549","0,75%"
22.05.1991,"3,3458","3,3433","3,3458","3,3433","-0,35%"
23.05.1991,"3,3590","3,3560","3,3590","3,3560","0,39%"
24.05.1991,"3,3720","3,3683","3,3720","3,3683","0,39%"
27.05.1991,"3,3705","3,3690","3,3705","3,3690","-0,04%"
28.05.1991,"3,3876","3,3839","3,3876","3,3839","0,51%"
29.05.1991,"3,3469","3,3450","3,3469","3,3450","-1,20%"
30.05.1991,"3,3757","3,3720","3,3757","3,3720","0,86%"
31.05.1991,"3,3377","3,3341","3,3377","3,3341","-1,13%"
03.06.1991,"3,3326","3,3294","3,3326","3,3294","-0,15%"
04.06.1991,"3,3415","3,3371","3,3415","3,3371","0,27%"
05.06.1991,"3,3335","3,3319","3,3335","3,3319","-0,24%"
06.06.1991,"3,3341","3,3315","3,3341","3,3315","0,02%"
07.06.1991,"3,3037","3,3021","3,3037","3,3021","-0,91%"
10.06.1991,"3,3181","3,3168","3,3181","3,3168","0,44%"
11.06.1991,"3,3053","3,3037","3,3053","3,3037","-0,39%"
12.06.1991,"3,3034","3,2991","3,3034","3,2991","-0,06%"
13.06.1991,"3,3004","3,2981","3,3004","3,2981","-0,09%"
14.06.1991,"3,2820","3,2795","3,2820","3,2795","-0,56%"
17.06.1991,"3,2954","3,2930","3,2954","3,2930","0,41%"
18.06.1991,"3,2691","3,2668","3,2691","3,2668","-0,80%"
19.06.1991,"3,2943","3,2927","3,2943","3,2927","0,77%"
20.06.1991,"3,2909","3,2896","3,2909","3,2896","-0,10%"
21.06.1991,"3,2773","3,2757","3,2773","3,2757","-0,41%"
24.06.1991,"3,2963","3,2939","3,2963","3,2939","0,58%"
25.06.1991,"3,2982","3,2959","3,2982","3,2959","0,06%"
26.06.1991,"3,2991","3,2959","3,2991","3,2959","0,03%"
27.06.1991,"3,2912","3,2887","3,2912","3,2887","-0,24%"
28.06.1991,"3,2801","3,2785","3,2801","3,2785","-0,34%"
01.07.1991,"3,2546","3,2515","3,2546","3,2515","-0,78%"
02.07.1991,"3,2579","3,2548","3,2579","3,2548","0,10%"
03.07.1991,"3,2579","3,2553","3,2579","3,2553","0,00%"
04.07.1991,"3,2593","3,2562","3,2593","3,2562","0,04%"
05.07.1991,"3,2674","3,2651","3,2674","3,2651","0,25%"
08.07.1991,"3,2852","3,2836","3,2852","3,2836","0,54%"
09.07.1991,"3,2667","3,2651","3,2667","3,2651","-0,56%"
10.07.1991,"3,2804","3,2772","3,2804","3,2772","0,42%"
11.07.1991,"3,2446","3,2411","3,2446","3,2411","-1,09%"
12.07.1991,"3,2946","3,2925","3,2946","3,2925","1,54%"
15.07.1991,"3,3028","3,2996","3,3028","3,2996","0,25%"
16.07.1991,"3,2800","3,2772","3,2800","3,2772","-0,69%"
17.07.1991,"3,3001","3,2985","3,3001","3,2985","0,61%"
18.07.1991,"3,3255","3,3223","3,3255","3,3223","0,77%"
19.07.1991,"3,3529","3,3510","3,3529","3,3510","0,82%"
22.07.1991,"3,3361","3,3336","3,3361","3,3336","-0,50%"
23.07.1991,"3,3515","3,3483","3,3515","3,3483","0,46%"
24.07.1991,"3,3746","3,3721","3,3746","3,3721","0,69%"
25.07.1991,"3,3600","3,3577","3,3600","3,3577","-0,43%"
26.07.1991,"3,3737","3,3721","3,3737","3,3721","0,41%"
29.07.1991,"3,3672","3,3647","3,3672","3,3647","-0,19%"
30.07.1991,"3,3604","3,3579","3,3604","3,3579","-0,20%"
31.07.1991,"3,3660","3,3638","3,3660","3,3638","0,17%"
01.08.1991,"3,3627","3,3611","3,3627","3,3611","-0,10%"
02.08.1991,"3,3801","3,3758","3,3801","3,3758","0,52%"
05.08.1991,"3,4048","3,4019","3,4048","3,4019","0,73%"
06.08.1991,"3,4151","3,4135","3,4151","3,4135","0,30%"
07.08.1991,"3,4212","3,4187","3,4212","3,4187","0,18%"
08.08.1991,"3,4046","3,4030","3,4046","3,4030","-0,49%"
09.08.1991,"3,3865","3,3840","3,3865","3,3840","-0,53%"
12.08.1991,"3,3971","3,3938","3,3971","3,3938","0,31%"
13.08.1991,"3,3885","3,3869","3,3885","3,3869","-0,25%"
14.08.1991,"3,3856","3,3840","3,3856","3,3840","-0,09%"
15.08.1991,"3,3665","3,3636","3,3665","3,3636","-0,56%"
16.08.1991,"3,3570","3,3547","3,3570","3,3547","-0,28%"
19.08.1991,"3,2835","3,2804","3,2835","3,2804","-2,19%"
20.08.1991,"3,3263","3,3247","3,3263","3,3247","1,30%"
21.08.1991,"3,3887","3,3862","3,3887","3,3862","1,88%"
22.08.1991,"3,3923","3,3898","3,3923","3,3898","0,11%"
23.08.1991,"3,3828","3,3803","3,3828","3,3803","-0,28%"
26.08.1991,"3,3855","3,3831","3,3855","3,3831","0,08%"
27.08.1991,"3,3726","3,3703","3,3726","3,3703","-0,38%"
28.08.1991,"3,3878","3,3853","3,3878","3,3853","0,45%"
29.08.1991,"3,3852","3,3824","3,3852","3,3824","-0,08%"
30.08.1991,"3,3779","3,3763","3,3779","3,3763","-0,22%"
02.09.1991,"3,3870","3,3854","3,3870","3,3854","0,27%"
03.09.1991,"3,3992","3,3976","3,3992","3,3976","0,36%"
04.09.1991,"3,3924","3,3908","3,3924","3,3908","-0,20%"
05.09.1991,"3,3802","3,3770","3,3802","3,3770","-0,36%"
06.09.1991,"3,4306","3,4290","3,4306","3,4290","1,49%"
09.09.1991,"3,4453","3,4421","3,4453","3,4421","0,43%"
10.09.1991,"3,4424","3,4398","3,4424","3,4398","-0,08%"
11.09.1991,"3,4497","3,4471","3,4497","3,4471","0,21%"
12.09.1991,"3,4376","3,4360","3,4376","3,4360","-0,35%"
13.09.1991,"3,4374","3,4358","3,4374","3,4358","-0,01%"
16.09.1991,"3,4529","3,4497","3,4529","3,4497","0,45%"
17.09.1991,"3,4478","3,4461","3,4478","3,4461","-0,15%"
18.09.1991,"3,4345","3,4319","3,4345","3,4319","-0,39%"
19.09.1991,"3,4287","3,4264","3,4287","3,4264","-0,17%"
20.09.1991,"3,4430","3,4414","3,4430","3,4414","0,42%"
23.09.1991,"3,4449","3,4433","3,4449","3,4433","0,06%"
24.09.1991,"3,4093","3,4077","3,4093","3,4077","-1,03%"
25.09.1991,"3,4406","3,4383","3,4406","3,4383","0,92%"
26.09.1991,"3,4237","3,4220","3,4237","3,4220","-0,49%"
27.09.1991,"3,4603","3,4565","3,4603","3,4565","1,07%"
30.09.1991,"3,4441","3,4425","3,4441","3,4425","-0,47%"
01.10.1991,"3,4458","3,4441","3,4458","3,4441","0,05%"
02.10.1991,"3,4474","3,4457","3,4474","3,4457","0,05%"
03.10.1991,"3,4554","3,4530","3,4554","3,4530","0,23%"
04.10.1991,"3,4342","3,4326","3,4342","3,4326","-0,61%"
07.10.1991,"3,4337","3,4320","3,4337","3,4320","-0,01%"
08.10.1991,"3,3852","3,3836","3,3852","3,3836","-1,41%"
09.10.1991,"3,4312","3,4279","3,4312","3,4279","1,36%"
10.10.1991,"3,4116","3,4079","3,4116","3,4079","-0,57%"
11.10.1991,"3,4264","3,4239","3,4264","3,4239","0,43%"
14.10.1991,"3,4033","3,4020","3,4033","3,4020","-0,67%"
15.10.1991,"3,3980","3,3964","3,3980","3,3964","-0,16%"
16.10.1991,"3,4028","3,4004","3,4028","3,4004","0,14%"
17.10.1991,"3,4264","3,4248","3,4264","3,4248","0,69%"
18.10.1991,"3,4372","3,4349","3,4372","3,4349","0,32%"
21.10.1991,"3,4222","3,4206","3,4222","3,4206","-0,44%"
22.10.1991,"3,4214","3,4198","3,4214","3,4198","-0,02%"
23.10.1991,"3,4084","3,4068","3,4084","3,4068","-0,38%"
24.10.1991,"3,4280","3,4256","3,4280","3,4256","0,58%"
25.10.1991,"3,4327","3,4304","3,4327","3,4304","0,14%"
28.10.1991,"3,4021","3,3989","3,4021","3,3989","-0,89%"
29.10.1991,"3,4611","3,4579","3,4611","3,4579","1,73%"
30.10.1991,"3,4766","3,4742","3,4766","3,4742","0,45%"
31.10.1991,"3,4684","3,4661","3,4684","3,4661","-0,24%"
01.11.1991,"3,5137","3,5114","3,5137","3,5114","1,31%"
04.11.1991,"3,4987","3,4961","3,4987","3,4961","-0,43%"
05.11.1991,"3,4981","3,4955","3,4981","3,4955","-0,02%"
06.11.1991,"3,5010","3,4983","3,5010","3,4983","0,08%"
07.11.1991,"3,4889","3,4872","3,4889","3,4872","-0,35%"
08.11.1991,"3,4790","3,4774","3,4790","3,4774","-0,28%"
11.11.1991,"3,4940","3,4913","3,4940","3,4913","0,43%"
12.11.1991,"3,4893","3,4867","3,4893","3,4867","-0,13%"
13.11.1991,"3,4994","3,4968","3,4994","3,4968","0,29%"
14.11.1991,"3,4985","3,4952","3,4985","3,4952","-0,03%"
15.11.1991,"3,5237","3,5204","3,5237","3,5204","0,72%"
18.11.1991,"3,5238","3,5205","3,5238","3,5205","0,00%"
19.11.1991,"3,5524","3,5491","3,5524","3,5491","0,81%"
20.11.1991,"3,5506","3,5489","3,5506","3,5489","-0,05%"
21.11.1991,"3,5486","3,5459","3,5486","3,5459","-0,06%"
22.11.1991,"3,5607","3,5581","3,5607","3,5581","0,34%"
25.11.1991,"3,5416","3,5383","3,5416","3,5383","-0,54%"
26.11.1991,"3,5027","3,5011","3,5027","3,5011","-1,10%"
27.11.1991,"3,5240","3,5214","3,5240","3,5214","0,61%"
28.11.1991,"3,5179","3,5146","3,5179","3,5146","-0,17%"
29.11.1991,"3,5140","3,5107","3,5140","3,5107","-0,11%"
02.12.1991,"3,5152","3,5129","3,5152","3,5129","0,03%"
03.12.1991,"3,5324","3,5297","3,5324","3,5297","0,49%"
04.12.1991,"3,5482","3,5455","3,5482","3,5455","0,45%"
05.12.1991,"3,5599","3,5566","3,5599","3,5566","0,33%"
06.12.1991,"3,5968","3,5944","3,5968","3,5944","1,04%"
09.12.1991,"3,5831","3,5808","3,5831","3,5808","-0,38%"
10.12.1991,"3,5649","3,5616","3,5649","3,5616","-0,51%"
11.12.1991,"3,5779","3,5746","3,5779","3,5746","0,36%"
12.12.1991,"3,5596","3,5563","3,5596","3,5563","-0,51%"
13.12.1991,"3,5612","3,5588","3,5612","3,5588","0,04%"
16.12.1991,"3,5849","3,5802","3,5849","3,5802","0,67%"
17.12.1991,"3,5953","3,5930","3,5953","3,5930","0,29%"
18.12.1991,"3,5849","3,5825","3,5849","3,5825","-0,29%"
19.12.1991,"3,6050","3,6010","3,6050","3,6010","0,56%"
20.12.1991,"3,6387","3,6347","3,6387","3,6347","0,93%"
23.12.1991,"3,6734","3,6707","3,6734","3,6707","0,95%"
24.12.1991,"3,6600","3,6583","3,6600","3,6583","-0,36%"
25.12.1991,"3,6643","3,6619","3,6643","3,6619","0,12%"
26.12.1991,"3,6951","3,6921","3,6951","3,6921","0,84%"
27.12.1991,"3,6635","3,6612","3,6635","3,6612","-0,86%"
30.12.1991,"3,6648","3,6632","3,6648","3,6632","0,04%"
31.12.1991,"3,6652","3,6626","3,6652","3,6626","0,01%"
01.01.1992,"3,6652","3,6626","3,6652","3,6626","0,00%"
02.01.1992,"3,6381","3,6347","3,6381","3,6347","-0,74%"
03.01.1992,"3,6360","3,6336","3,6360","3,6336","-0,06%"
06.01.1992,"3,6811","3,6777","3,6811","3,6777","1,24%"
07.01.1992,"3,6946","3,6922","3,6946","3,6922","0,37%"
08.01.1992,"3,6921","3,6894","3,6921","3,6894","-0,07%"
09.01.1992,"3,5880","3,5846","3,5880","3,5846","-2,82%"
10.01.1992,"3,5841","3,5795","3,5841","3,5795","-0,11%"
13.01.1992,"3,5998","3,5974","3,5998","3,5974","0,44%"
14.01.1992,"3,5613","3,5580","3,5613","3,5580","-1,07%"
15.01.1992,"3,5358","3,5325","3,5358","3,5325","-0,72%"
16.01.1992,"3,5501","3,5468","3,5501","3,5468","0,40%"
17.01.1992,"3,5842","3,5815","3,5842","3,5815","0,96%"
20.01.1992,"3,5768","3,5735","3,5768","3,5735","-0,21%"
21.01.1992,"3,5699","3,5673","3,5699","3,5673","-0,19%"
22.01.1992,"3,5723","3,5690","3,5723","3,5690","0,07%"
23.01.1992,"3,5374","3,5348","3,5374","3,5348","-0,98%"
24.01.1992,"3,5804","3,5778","3,5804","3,5778","1,22%"
27.01.1992,"3,5582","3,5559","3,5582","3,5559","-0,62%"
28.01.1992,"3,5677","3,5651","3,5677","3,5651","0,27%"
29.01.1992,"3,5418","3,5392","3,5418","3,5392","-0,73%"
30.01.1992,"3,5429","3,5396","3,5429","3,5396","0,03%"
31.01.1992,"3,5474","3,5434","3,5474","3,5434","0,13%"
03.02.1992,"3,5646","3,5613","3,5646","3,5613","0,48%"
04.02.1992,"3,5658","3,5625","3,5658","3,5625","0,03%"
05.02.1992,"3,5897","3,5864","3,5897","3,5864","0,67%"
06.02.1992,"3,5937","3,5903","3,5937","3,5903","0,11%"
07.02.1992,"3,6201","3,6155","3,6201","3,6155","0,73%"
10.02.1992,"3,5942","3,5914","3,5942","3,5914","-0,72%"
11.02.1992,"3,5557","3,5524","3,5557","3,5524","-1,07%"
12.02.1992,"3,5647","3,5619","3,5647","3,5619","0,25%"
13.02.1992,"3,5259","3,5236","3,5259","3,5236","-1,09%"
14.02.1992,"3,5418","3,5390","3,5418","3,5390","0,45%"
17.02.1992,"3,5415","3,5388","3,5415","3,5388","-0,01%"
18.02.1992,"3,5204","3,5171","3,5204","3,5171","-0,60%"
19.02.1992,"3,5254","3,5233","3,5254","3,5233","0,14%"
20.02.1992,"3,5313","3,5286","3,5313","3,5286","0,17%"
21.02.1992,"3,5267","3,5241","3,5267","3,5241","-0,13%"
24.02.1992,"3,5403","3,5376","3,5403","3,5376","0,39%"
25.02.1992,"3,5200","3,5167","3,5200","3,5167","-0,57%"
26.02.1992,"3,5703","3,5670","3,5703","3,5670","1,43%"
27.02.1992,"3,5919","3,5886","3,5919","3,5886","0,60%"
28.02.1992,"3,5488","3,5461","3,5488","3,5461","-1,20%"
02.03.1992,"3,5518","3,5485","3,5518","3,5485","0,08%"
03.03.1992,"3,5286","3,5254","3,5286","3,5254","-0,65%"
04.03.1992,"3,5269","3,5242","3,5269","3,5242","-0,05%"
05.03.1992,"3,5264","3,5231","3,5264","3,5231","-0,01%"
06.03.1992,"3,5368","3,5335","3,5368","3,5335","0,29%"
09.03.1992,"3,5434","3,5401","3,5434","3,5401","0,19%"
10.03.1992,"3,5274","3,5241","3,5274","3,5241","-0,45%"
11.03.1992,"3,5542","3,5515","3,5542","3,5515","0,76%"
12.03.1992,"3,5528","3,5501","3,5528","3,5501","-0,04%"
13.03.1992,"3,5379","3,5346","3,5379","3,5346","-0,42%"
16.03.1992,"3,5516","3,5489","3,5516","3,5489","0,39%"
17.03.1992,"3,5816","3,5790","3,5816","3,5790","0,84%"
18.03.1992,"3,5541","3,5515","3,5541","3,5515","-0,77%"
19.03.1992,"3,5316","3,5278","3,5316","3,5278","-0,63%"
20.03.1992,"3,5433","3,5412","3,5433","3,5412","0,33%"
23.03.1992,"3,5435","3,5408","3,5435","3,5408","0,01%"
24.03.1992,"3,5638","3,5614","3,5638","3,5614","0,57%"
25.03.1992,"3,5709","3,5683","3,5709","3,5683","0,20%"
26.03.1992,"3,5560","3,5532","3,5560","3,5532","-0,42%"
27.03.1992,"3,5870","3,5850","3,5870","3,5850","0,87%"
30.03.1992,"3,5743","3,5722","3,5743","3,5722","-0,35%"
31.03.1992,"3,5755","3,5731","3,5755","3,5731","0,03%"
01.04.1992,"3,5562","3,5541","3,5562","3,5541","-0,54%"
02.04.1992,"3,5833","3,5809","3,5833","3,5809","0,76%"
03.04.1992,"3,6118","3,6100","3,6118","3,6100","0,80%"
06.04.1992,"3,5973","3,5940","3,5973","3,5940","-0,40%"
07.04.1992,"3,6197","3,6179","3,6197","3,6179","0,62%"
08.04.1992,"3,6064","3,6031","3,6064","3,6031","-0,37%"
09.04.1992,"3,6306","3,6288","3,6306","3,6288","0,67%"
10.04.1992,"3,5801","3,5774","3,5801","3,5774","-1,39%"
13.04.1992,"3,5669","3,5648","3,5669","3,5648","-0,37%"
14.04.1992,"3,5582","3,5561","3,5582","3,5561","-0,24%"
15.04.1992,"3,5472","3,5445","3,5472","3,5445","-0,31%"
16.04.1992,"3,5461","3,5434","3,5461","3,5434","-0,03%"
17.04.1992,"3,5467","3,5419","3,5467","3,5419","0,02%"
20.04.1992,"3,5518","3,5491","3,5518","3,5491","0,14%"
21.04.1992,"3,5529","3,5505","3,5529","3,5505","0,03%"
22.04.1992,"3,5614","3,5587","3,5614","3,5587","0,24%"
23.04.1992,"3,5698","3,5675","3,5698","3,5675","0,24%"
24.04.1992,"3,5762","3,5744","3,5762","3,5744","0,18%"
27.04.1992,"3,5699","3,5673","3,5699","3,5673","-0,18%"
28.04.1992,"3,5726","3,5699","3,5726","3,5699","0,08%"
29.04.1992,"3,5608","3,5581","3,5608","3,5581","-0,33%"
30.04.1992,"3,5796","3,5775","3,5796","3,5775","0,53%"
01.05.1992,"3,5821","3,5795","3,5821","3,5795","0,07%"
04.05.1992,"3,5718","3,5691","3,5718","3,5691","-0,29%"
05.05.1992,"3,5927","3,5903","3,5927","3,5903","0,59%"
06.05.1992,"3,6033","3,6000","3,6033","3,6000","0,30%"
07.05.1992,"3,5990","3,5973","3,5990","3,5973","-0,12%"
08.05.1992,"3,5880","3,5847","3,5880","3,5847","-0,31%"
11.05.1992,"3,6026","3,6008","3,6026","3,6008","0,41%"
12.05.1992,"3,6159","3,6126","3,6159","3,6126","0,37%"
13.05.1992,"3,6435","3,6412","3,6435","3,6412","0,76%"
14.05.1992,"3,6036","3,6012","3,6036","3,6012","-1,10%"
15.05.1992,"3,6341","3,6308","3,6341","3,6308","0,85%"
18.05.1992,"3,6489","3,6469","3,6489","3,6469","0,41%"
19.05.1992,"3,6385","3,6365","3,6385","3,6365","-0,29%"
20.05.1992,"3,6309","3,6282","3,6309","3,6282","-0,21%"
21.05.1992,"3,6063","3,6037","3,6063","3,6037","-0,68%"
22.05.1992,"3,6086","3,6065","3,6086","3,6065","0,06%"
25.05.1992,"3,6076","3,6052","3,6076","3,6052","-0,03%"
26.05.1992,"3,6059","3,6032","3,6059","3,6032","-0,05%"
27.05.1992,"3,5826","3,5802","3,5826","3,5802","-0,65%"
28.05.1992,"3,6074","3,6057","3,6074","3,6057","0,69%"
29.05.1992,"3,6204","3,6186","3,6204","3,6186","0,36%"
01.06.1992,"3,6315","3,6281","3,6315","3,6281","0,31%"
02.06.1992,"3,6024","3,5978","3,6024","3,5978","-0,80%"
03.06.1992,"3,6258","3,6237","3,6258","3,6237","0,65%"
04.06.1992,"3,6471","3,6443","3,6471","3,6443","0,59%"
05.06.1992,"3,6354","3,6327","3,6354","3,6327","-0,32%"
08.06.1992,"3,6389","3,6362","3,6389","3,6362","0,10%"
09.06.1992,"3,6252","3,6225","3,6252","3,6225","-0,38%"
10.06.1992,"3,6397","3,6370","3,6397","3,6370","0,40%"
11.06.1992,"3,6475","3,6453","3,6475","3,6453","0,21%"
12.06.1992,"3,6400","3,6382","3,6400","3,6382","-0,21%"
15.06.1992,"3,6540","3,6519","3,6540","3,6519","0,38%"
16.06.1992,"3,6702","3,6674","3,6702","3,6674","0,44%"
17.06.1992,"3,6489","3,6469","3,6489","3,6469","-0,58%"
18.06.1992,"3,6665","3,6646","3,6665","3,6646","0,48%"
19.06.1992,"3,6566","3,6547","3,6566","3,6547","-0,27%"
22.06.1992,"3,6798","3,6776","3,6798","3,6776","0,63%"
23.06.1992,"3,6684","3,6656","3,6684","3,6656","-0,31%"
24.06.1992,"3,7030","3,7010","3,7030","3,7010","0,94%"
25.06.1992,"3,7220","3,7203","3,7220","3,7203","0,51%"
26.06.1992,"3,7180","3,7156","3,7180","3,7156","-0,11%"
29.06.1992,"3,7288","3,7261","3,7288","3,7261","0,29%"
30.06.1992,"3,7258","3,7234","3,7258","3,7234","-0,08%"
01.07.1992,"3,7092","3,7073","3,7092","3,7073","-0,45%"
02.07.1992,"3,7365","3,7323","3,7365","3,7323","0,74%"
03.07.1992,"3,7240","3,7199","3,7240","3,7199","-0,33%"
06.07.1992,"3,7332","3,7314","3,7332","3,7314","0,25%"
07.07.1992,"3,7778","3,7756","3,7778","3,7756","1,19%"
08.07.1992,"3,7710","3,7676","3,7710","3,7676","-0,18%"
09.07.1992,"3,7567","3,7545","3,7567","3,7545","-0,38%"
10.07.1992,"3,7655","3,7614","3,7655","3,7614","0,23%"
13.07.1992,"3,7963","3,7934","3,7963","3,7934","0,82%"
14.07.1992,"3,7750","3,7715","3,7750","3,7715","-0,56%"
15.07.1992,"3,7751","3,7729","3,7751","3,7729","0,00%"
16.07.1992,"3,7874","3,7845","3,7874","3,7845","0,33%"
17.07.1992,"3,8176","3,8158","3,8176","3,8158","0,80%"
20.07.1992,"3,7558","3,7516","3,7558","3,7516","-1,62%"
21.07.1992,"3,7902","3,7873","3,7902","3,7873","0,92%"
22.07.1992,"3,7812","3,7790","3,7812","3,7790","-0,24%"
23.07.1992,"3,7921","3,7887","3,7921","3,7887","0,29%"
24.07.1992,"3,7470","3,7451","3,7470","3,7451","-1,19%"
27.07.1992,"3,8030","3,8011","3,8030","3,8011","1,49%"
28.07.1992,"3,8132","3,8114","3,8132","3,8114","0,27%"
29.07.1992,"3,7982","3,7947","3,7982","3,7947","-0,39%"
30.07.1992,"3,8202","3,8183","3,8202","3,8183","0,58%"
31.07.1992,"3,8220","3,8193","3,8220","3,8193","0,05%"
03.08.1992,"3,8311","3,8283","3,8311","3,8283","0,24%"
04.08.1992,"3,8203","3,8179","3,8203","3,8179","-0,28%"
05.08.1992,"3,8021","3,8004","3,8021","3,8004","-0,48%"
06.08.1992,"3,8248","3,8220","3,8248","3,8220","0,60%"
07.08.1992,"3,8469","3,8442","3,8469","3,8442","0,58%"
10.08.1992,"3,8518","3,8493","3,8518","3,8493","0,13%"
11.08.1992,"3,8537","3,8502","3,8537","3,8502","0,05%"
12.08.1992,"3,8519","3,8492","3,8519","3,8492","-0,05%"
13.08.1992,"3,8594","3,8546","3,8594","3,8546","0,19%"
14.08.1992,"3,8496","3,8474","3,8496","3,8474","-0,25%"
17.08.1992,"3,8544","3,8516","3,8544","3,8516","0,12%"
18.08.1992,"3,8636","3,8608","3,8636","3,8608","0,24%"
19.08.1992,"3,8634","3,8591","3,8634","3,8591","-0,01%"
20.08.1992,"3,8835","3,8813","3,8835","3,8813","0,52%"
21.08.1992,"3,9504","3,9481","3,9504","3,9481","1,72%"
24.08.1992,"3,9783","3,9755","3,9783","3,9755","0,71%"
25.08.1992,"3,9566","3,9545","3,9566","3,9545","-0,55%"
26.08.1992,"3,9442","3,9414","3,9442","3,9414","-0,31%"
27.08.1992,"3,9436","3,9413","3,9436","3,9413","-0,02%"
28.08.1992,"3,9349","3,9327","3,9349","3,9327","-0,22%"
31.08.1992,"3,9455","3,9432","3,9455","3,9432","0,27%"
01.09.1992,"3,9604","3,9568","3,9604","3,9568","0,38%"
02.09.1992,"3,9546","3,9527","3,9546","3,9527","-0,15%"
03.09.1992,"3,9329","3,9304","3,9329","3,9304","-0,55%"
04.09.1992,"3,9646","3,9629","3,9646","3,9629","0,81%"
07.09.1992,"3,9689","3,9661","3,9689","3,9661","0,11%"
08.09.1992,"3,9775","3,9745","3,9775","3,9745","0,22%"
09.09.1992,"3,9394","3,9369","3,9394","3,9369","-0,96%"
10.09.1992,"3,9299","3,9276","3,9299","3,9276","-0,24%"
11.09.1992,"3,8765","3,8734","3,8765","3,8734","-1,36%"
14.09.1992,"3,8129","3,8093","3,8129","3,8093","-1,64%"
15.09.1992,"3,7614","3,7586","3,7614","3,7586","-1,35%"
16.09.1992,"3,6701","3,6660","3,6701","3,6660","-2,43%"
17.09.1992,"3,7717","3,7698","3,7717","3,7698","2,77%"
18.09.1992,"3,7071","3,7043","3,7071","3,7043","-1,71%"
21.09.1992,"3,7515","3,7474","3,7515","3,7474","1,20%"
22.09.1992,"3,6772","3,6756","3,6772","3,6756","-1,98%"
23.09.1992,"3,7147","3,7072","3,7147","3,7072","1,02%"
24.09.1992,"3,7351","3,7314","3,7351","3,7314","0,55%"
25.09.1992,"3,7614","3,7566","3,7614","3,7566","0,70%"
28.09.1992,"3,8372","3,8329","3,8372","3,8329","2,02%"
29.09.1992,"3,9166","3,9135","3,9166","3,9135","2,07%"
30.09.1992,"3,9001","3,8980","3,9001","3,8980","-0,42%"
01.10.1992,"3,8894","3,8866","3,8894","3,8866","-0,27%"
02.10.1992,"3,8998","3,8963","3,8998","3,8963","0,27%"
05.10.1992,"3,8500","3,8466","3,8500","3,8466","-1,28%"
06.10.1992,"3,8646","3,8627","3,8646","3,8627","0,38%"
07.10.1992,"3,8023","3,8005","3,8023","3,8005","-1,61%"
08.10.1992,"3,7639","3,7612","3,7639","3,7612","-1,01%"
09.10.1992,"3,7753","3,7733","3,7753","3,7733","0,30%"
12.10.1992,"3,7995","3,7978","3,7995","3,7978","0,64%"
13.10.1992,"3,8216","3,8194","3,8216","3,8194","0,58%"
14.10.1992,"3,8266","3,8242","3,8266","3,8242","0,13%"
15.10.1992,"3,8334","3,8310","3,8334","3,8310","0,18%"
16.10.1992,"3,7802","3,7780","3,7802","3,7780","-1,39%"
19.10.1992,"3,7591","3,7570","3,7591","3,7570","-0,56%"
20.10.1992,"3,7729","3,7704","3,7729","3,7704","0,37%"
21.10.1992,"3,7509","3,7492","3,7509","3,7492","-0,58%"
22.10.1992,"3,7874","3,7847","3,7874","3,7847","0,97%"
23.10.1992,"3,7717","3,7696","3,7717","3,7696","-0,41%"
26.10.1992,"3,7705","3,7658","3,7705","3,7658","-0,03%"
27.10.1992,"3,7899","3,7875","3,7899","3,7875","0,51%"
28.10.1992,"3,7542","3,7515","3,7542","3,7515","-0,94%"
29.10.1992,"3,7626","3,7601","3,7626","3,7601","0,22%"
30.10.1992,"3,7614","3,7587","3,7614","3,7587","-0,03%"
02.11.1992,"3,7405","3,7381","3,7405","3,7381","-0,56%"
03.11.1992,"3,7349","3,7331","3,7349","3,7331","-0,15%"
04.11.1992,"3,7203","3,7179","3,7203","3,7179","-0,39%"
05.11.1992,"3,7022","3,6995","3,7022","3,6995","-0,49%"
06.11.1992,"3,6754","3,6727","3,6754","3,6727","-0,72%"
09.11.1992,"3,6824","3,6802","3,6824","3,6802","0,19%"
10.11.1992,"3,7033","3,7015","3,7033","3,7015","0,57%"
11.11.1992,"3,6940","3,6913","3,6940","3,6913","-0,25%"
12.11.1992,"3,7051","3,7024","3,7051","3,7024","0,30%"
13.11.1992,"3,7278","3,7260","3,7278","3,7260","0,61%"
16.11.1992,"3,7087","3,7065","3,7087","3,7065","-0,51%"
17.11.1992,"3,7191","3,7163","3,7191","3,7163","0,28%"
18.11.1992,"3,7141","3,7114","3,7141","3,7114","-0,13%"
19.11.1992,"3,7226","3,7198","3,7226","3,7198","0,23%"
20.11.1992,"3,6856","3,6832","3,6856","3,6832","-0,99%"
23.11.1992,"3,6982","3,6955","3,6982","3,6955","0,34%"
24.11.1992,"3,7039","3,7012","3,7039","3,7012","0,15%"
25.11.1992,"3,7070","3,7050","3,7070","3,7050","0,08%"
26.11.1992,"3,6981","3,6938","3,6981","3,6938","-0,24%"
27.11.1992,"3,6974","3,6952","3,6974","3,6952","-0,02%"
30.11.1992,"3,7090","3,7044","3,7090","3,7044","0,31%"
01.12.1992,"3,7409","3,7381","3,7409","3,7381","0,86%"
02.12.1992,"3,7252","3,7224","3,7252","3,7224","-0,42%"
03.12.1992,"3,7142","3,7121","3,7142","3,7121","-0,30%"
04.12.1992,"3,7168","3,7134","3,7168","3,7134","0,07%"
07.12.1992,"3,7901","3,7874","3,7901","3,7874","1,97%"
08.12.1992,"3,7590","3,7571","3,7590","3,7571","-0,82%"
09.12.1992,"3,7290","3,7271","3,7290","3,7271","-0,80%"
10.12.1992,"3,7299","3,7275","3,7299","3,7275","0,02%"
11.12.1992,"3,7410","3,7390","3,7410","3,7390","0,30%"
14.12.1992,"3,7598","3,7580","3,7598","3,7580","0,50%"
15.12.1992,"3,7640","3,7612","3,7640","3,7612","0,11%"
16.12.1992,"3,7606","3,7572","3,7606","3,7572","-0,09%"
17.12.1992,"3,7690","3,7665","3,7690","3,7665","0,22%"
18.12.1992,"3,7539","3,7521","3,7539","3,7521","-0,40%"
21.12.1992,"3,7450","3,7425","3,7450","3,7425","-0,24%"
22.12.1992,"3,7058","3,7030","3,7058","3,7030","-1,05%"
23.12.1992,"3,6919","3,6866","3,6919","3,6866","-0,38%"
24.12.1992,"3,6880","3,6838","3,6880","3,6838","-0,11%"
25.12.1992,"3,6880","3,6838","3,6880","3,6838","0,00%"
28.12.1992,"3,6563","3,6545","3,6563","3,6545","-0,86%"
29.12.1992,"3,7039","3,7020","3,7039","3,7020","1,30%"
30.12.1992,"3,6856","3,6828","3,6856","3,6828","-0,49%"
31.12.1992,"3,6757","3,6722","3,6757","3,6722","-0,27%"
04.01.1993,"3,6641","3,6617","3,6641","3,6617","-0,32%"
05.01.1993,"3,6905","3,6887","3,6905","3,6887","0,72%"
06.01.1993,"3,6759","3,6734","3,6759","3,6734","-0,40%"
07.01.1993,"3,6742","3,6715","3,6742","3,6715","-0,05%"
08.01.1993,"3,6772","3,6745","3,6772","3,6745","0,08%"
11.01.1993,"3,6993","3,6966","3,6993","3,6966","0,60%"
12.01.1993,"3,6936","3,6912","3,6936","3,6912","-0,15%"
13.01.1993,"3,7168","3,7141","3,7168","3,7141","0,63%"
14.01.1993,"3,7083","3,7058","3,7083","3,7058","-0,23%"
15.01.1993,"3,6958","3,6940","3,6958","3,6940","-0,34%"
18.01.1993,"3,7374","3,7350","3,7374","3,7350","1,13%"
19.01.1993,"3,7405","3,7387","3,7405","3,7387","0,08%"
20.01.1993,"3,7651","3,7626","3,7651","3,7626","0,66%"
21.01.1993,"3,7431","3,7404","3,7431","3,7404","-0,58%"
22.01.1993,"3,7891","3,7866","3,7891","3,7866","1,23%"
25.01.1993,"3,7983","3,7964","3,7983","3,7964","0,24%"
26.01.1993,"3,7995","3,7968","3,7995","3,7968","0,03%"
27.01.1993,"3,7731","3,7706","3,7731","3,7706","-0,69%"
28.01.1993,"3,7742","3,7718","3,7742","3,7718","0,03%"
29.01.1993,"3,7263","3,7235","3,7263","3,7235","-1,27%"
01.02.1993,"3,6968","3,6944","3,6968","3,6944","-0,79%"
02.02.1993,"3,6872","3,6845","3,6872","3,6845","-0,26%"
03.02.1993,"3,6669","3,6650","3,6669","3,6650","-0,55%"
04.02.1993,"3,6618","3,6596","3,6618","3,6596","-0,14%"
05.02.1993,"3,6596","3,6562","3,6596","3,6562","-0,06%"
08.02.1993,"3,6815","3,6788","3,6815","3,6788","0,60%"
09.02.1993,"3,6802","3,6777","3,6802","3,6777","-0,04%"
10.02.1993,"3,6615","3,6588","3,6615","3,6588","-0,51%"
11.02.1993,"3,6741","3,6711","3,6741","3,6711","0,34%"
12.02.1993,"3,6732","3,6707","3,6732","3,6707","-0,02%"
15.02.1993,"3,6818","3,6791","3,6818","3,6791","0,23%"
16.02.1993,"3,7233","3,7212","3,7233","3,7212","1,13%"
17.02.1993,"3,7178","3,7158","3,7178","3,7158","-0,15%"
18.02.1993,"3,7255","3,7235","3,7255","3,7235","0,21%"
19.02.1993,"3,7118","3,7090","3,7118","3,7090","-0,37%"
22.02.1993,"3,7270","3,7250","3,7270","3,7250","0,41%"
23.02.1993,"3,7158","3,7123","3,7158","3,7123","-0,30%"
24.02.1993,"3,7111","3,7050","3,7111","3,7050","-0,13%"
25.02.1993,"3,7050","3,7023","3,7050","3,7023","-0,16%"
26.02.1993,"3,7031","3,7003","3,7031","3,7003","-0,05%"
01.03.1993,"3,6955","3,6920","3,6955","3,6920","-0,21%"
02.03.1993,"3,7281","3,7266","3,7281","3,7266","0,88%"
03.03.1993,"3,7241","3,7216","3,7241","3,7216","-0,11%"
04.03.1993,"3,7435","3,7407","3,7435","3,7407","0,52%"
05.03.1993,"3,7021","3,6994","3,7021","3,6994","-1,11%"
08.03.1993,"3,7260","3,7227","3,7260","3,7227","0,65%"
09.03.1993,"3,7093","3,7072","3,7093","3,7072","-0,45%"
10.03.1993,"3,7136","3,7111","3,7136","3,7111","0,12%"
11.03.1993,"3,7241","3,7214","3,7241","3,7214","0,28%"
12.03.1993,"3,7169","3,7142","3,7169","3,7142","-0,19%"
15.03.1993,"3,7271","3,7238","3,7271","3,7238","0,27%"
16.03.1993,"3,7219","3,7192","3,7219","3,7192","-0,14%"
17.03.1993,"3,7336","3,7309","3,7336","3,7309","0,31%"
18.03.1993,"3,7686","3,7652","3,7686","3,7652","0,94%"
19.03.1993,"3,7655","3,7643","3,7655","3,7643","-0,08%"
22.03.1993,"3,7618","3,7589","3,7618","3,7589","-0,10%"
23.03.1993,"3,7752","3,7727","3,7752","3,7727","0,36%"
24.03.1993,"3,7513","3,7485","3,7513","3,7485","-0,63%"
25.03.1993,"3,7600","3,7572","3,7600","3,7572","0,23%"
26.03.1993,"3,7810","3,7782","3,7810","3,7782","0,56%"
29.03.1993,"3,7893","3,7878","3,7893","3,7878","0,22%"
30.03.1993,"3,8113","3,8071","3,8113","3,8071","0,58%"
31.03.1993,"3,8244","3,8210","3,8244","3,8210","0,34%"
01.04.1993,"3,8667","3,8634","3,8667","3,8634","1,11%"
02.04.1993,"3,8624","3,8590","3,8624","3,8590","-0,11%"
05.04.1993,"3,8663","3,8629","3,8663","3,8629","0,10%"
06.04.1993,"3,8530","3,8502","3,8530","3,8502","-0,34%"
07.04.1993,"3,8373","3,8345","3,8373","3,8345","-0,41%"
08.04.1993,"3,8537","3,8501","3,8537","3,8501","0,43%"
09.04.1993,"3,8563","3,8540","3,8563","3,8540","0,07%"
12.04.1993,"3,8851","3,8822","3,8851","3,8822","0,75%"
13.04.1993,"3,8919","3,8891","3,8919","3,8891","0,18%"
14.04.1993,"3,8676","3,8664","3,8676","3,8664","-0,62%"
15.04.1993,"3,8565","3,8537","3,8565","3,8537","-0,29%"
16.04.1993,"3,8507","3,8486","3,8507","3,8486","-0,15%"
19.04.1993,"3,8727","3,8681","3,8727","3,8681","0,57%"
20.04.1993,"3,8590","3,8536","3,8590","3,8536","-0,35%"
21.04.1993,"3,8639","3,8614","3,8639","3,8614","0,13%"
22.04.1993,"3,8896","3,8868","3,8896","3,8868","0,67%"
23.04.1993,"3,8898","3,8873","3,8898","3,8873","0,01%"
26.04.1993,"3,9074","3,9046","3,9074","3,9046","0,45%"
27.04.1993,"3,8768","3,8740","3,8768","3,8740","-0,78%"
28.04.1993,"3,9134","3,9106","3,9134","3,9106","0,94%"
29.04.1993,"3,9064","3,9022","3,9064","3,9022","-0,18%"
30.04.1993,"3,8963","3,8929","3,8963","3,8929","-0,26%"
03.05.1993,"3,9194","3,9160","3,9194","3,9160","0,59%"
04.05.1993,"3,9131","3,9110","3,9131","3,9110","-0,16%"
05.05.1993,"3,9143","3,9108","3,9143","3,9108","0,03%"
06.05.1993,"3,9288","3,9263","3,9288","3,9263","0,37%"
07.05.1993,"3,8958","3,8924","3,8958","3,8924","-0,84%"
10.05.1993,"3,8635","3,8588","3,8635","3,8588","-0,83%"
11.05.1993,"3,8712","3,8677","3,8712","3,8677","0,20%"
12.05.1993,"3,8685","3,8651","3,8685","3,8651","-0,07%"
13.05.1993,"3,8350","3,8327","3,8350","3,8327","-0,87%"
14.05.1993,"3,8630","3,8597","3,8630","3,8597","0,73%"
17.05.1993,"3,8447","3,8427","3,8447","3,8427","-0,47%"
18.05.1993,"3,8423","3,8389","3,8423","3,8389","-0,06%"
19.05.1993,"3,8296","3,8271","3,8296","3,8271","-0,33%"
20.05.1993,"3,8403","3,8378","3,8403","3,8378","0,28%"
21.05.1993,"3,8456","3,8422","3,8456","3,8422","0,14%"
24.05.1993,"3,8279","3,8254","3,8279","3,8254","-0,46%"
25.05.1993,"3,8290","3,8265","3,8290","3,8265","0,03%"
26.05.1993,"3,8384","3,8359","3,8384","3,8359","0,25%"
27.05.1993,"3,8662","3,8637","3,8662","3,8637","0,72%"
28.05.1993,"3,9077","3,9051","3,9077","3,9051","1,07%"
31.05.1993,"3,8906","3,8886","3,8906","3,8886","-0,44%"
01.06.1993,"3,9111","3,9086","3,9111","3,9086","0,53%"
02.06.1993,"3,8821","3,8796","3,8821","3,8796","-0,74%"
03.06.1993,"3,8946","3,8921","3,8946","3,8921","0,32%"
04.06.1993,"3,8259","3,8225","3,8259","3,8225","-1,76%"
07.06.1993,"3,8420","3,8395","3,8420","3,8395","0,42%"
08.06.1993,"3,8357","3,8332","3,8357","3,8332","-0,16%"
09.06.1993,"3,8245","3,8221","3,8245","3,8221","-0,29%"
10.06.1993,"3,8348","3,8323","3,8348","3,8323","0,27%"
11.06.1993,"3,8267","3,8233","3,8267","3,8233","-0,21%"
14.06.1993,"3,8345","3,8320","3,8345","3,8320","0,20%"
15.06.1993,"3,8078","3,8058","3,8078","3,8058","-0,70%"
16.06.1993,"3,8012","3,7986","3,8012","3,7986","-0,17%"
17.06.1993,"3,8144","3,8124","3,8144","3,8124","0,35%"
18.06.1993,"3,7829","3,7795","3,7829","3,7795","-0,83%"
21.06.1993,"3,8148","3,8123","3,8148","3,8123","0,84%"
22.06.1993,"3,8049","3,8023","3,8049","3,8023","-0,26%"
23.06.1993,"3,8155","3,8110","3,8155","3,8110","0,28%"
24.06.1993,"3,8095","3,8049","3,8095","3,8049","-0,16%"
25.06.1993,"3,7965","3,7939","3,7965","3,7939","-0,34%"
28.06.1993,"3,8464","3,8439","3,8464","3,8439","1,31%"
29.06.1993,"3,8582","3,8406","3,8629","3,8309","0,31%"
30.06.1993,"3,8316","3,8406","3,8634","3,8083","-0,69%"
01.07.1993,"3,8760","3,8291","3,8760","3,8244","1,16%"
02.07.1993,"3,8331","3,8721","3,8800","3,8224","-1,11%"
05.07.1993,"3,8577","3,8306","3,8668","3,8193","0,64%"
06.07.1993,"3,8349","3,8538","3,8710","3,8291","-0,59%"
07.07.1993,"3,8376","3,8325","3,8518","3,8150","0,07%"
08.07.1993,"3,8210","3,8350","3,8509","3,8062","-0,43%"
09.07.1993,"3,7817","3,8228","3,8304","3,7784","-1,03%"
12.07.1993,"3,7839","3,7780","3,8068","3,7750","0,06%"
13.07.1993,"3,8062","3,7813","3,8119","3,7793","0,59%"
14.07.1993,"3,8091","3,8010","3,8113","3,7840","0,08%"
15.07.1993,"3,7915","3,8046","3,8108","3,7771","-0,46%"
16.07.1993,"3,8015","3,7887","3,8033","3,7638","0,26%"
19.07.1993,"3,8113","3,8024","3,8250","3,7832","0,26%"
20.07.1993,"3,8236","3,8108","3,8248","3,7956","0,32%"
21.07.1993,"3,8215","3,8140","3,8307","3,8036","-0,05%"
22.07.1993,"3,8143","3,8100","3,8278","3,7892","-0,19%"
23.07.1993,"3,7750","3,8117","3,8145","3,7722","-1,03%"
26.07.1993,"3,7786","3,7782","3,7870","3,7671","0,10%"
27.07.1993,"3,7700","3,7781","3,7916","3,7670","-0,23%"
28.07.1993,"3,7896","3,7676","3,7985","3,7612","0,52%"
29.07.1993,"3,7603","3,7868","3,8070","3,7485","-0,77%"
30.07.1993,"3,6961","3,7576","3,7725","3,6674","-1,71%"
02.08.1993,"3,7184","3,6983","3,7184","3,6377","0,60%"
03.08.1993,"3,7421","3,7018","3,7654","3,6879","0,64%"
04.08.1993,"3,7820","3,7396","3,7850","3,7364","1,07%"
05.08.1993,"3,7749","3,7694","3,7806","3,7438","-0,19%"
06.08.1993,"3,7896","3,7699","3,8030","3,7605","0,39%"
09.08.1993,"3,7610","3,7828","3,7930","3,7514","-0,75%"
10.08.1993,"3,7377","3,7542","3,7650","3,7278","-0,62%"
11.08.1993,"3,7591","3,7362","3,7649","3,7312","0,57%"
12.08.1993,"3,7577","3,7557","3,7710","3,7417","-0,04%"
13.08.1993,"3,7492","3,7525","3,7725","3,7362","-0,23%"
16.08.1993,"3,7845","3,7519","3,7906","3,7447","0,94%"
17.08.1993,"3,7753","3,7840","3,7926","3,7503","-0,24%"
18.08.1993,"3,7976","3,7698","3,8030","3,7660","0,59%"
19.08.1993,"3,8057","3,7908","3,8238","3,7805","0,21%"
20.08.1993,"3,8369","3,8032","3,8418","3,7901","0,82%"
23.08.1993,"3,8238","3,8306","3,8425","3,8076","-0,34%"
24.08.1993,"3,8288","3,8167","3,8361","3,8104","0,13%"
25.08.1993,"3,8167","3,8244","3,8346","3,7967","-0,32%"
26.08.1993,"3,8331","3,8101","3,8439","3,8030","0,43%"
27.08.1993,"3,8460","3,8281","3,8494","3,8186","0,34%"
30.08.1993,"3,8382","3,8377","3,8454","3,8215","-0,20%"
31.08.1993,"3,8445","3,8383","3,8612","3,8306","0,16%"
01.09.1993,"3,8679","3,8654","3,8801","3,8351","0,61%"
02.09.1993,"3,8872","3,8627","3,8960","3,8599","0,50%"
03.09.1993,"3,9287","3,8823","3,9356","3,8698","1,07%"
06.09.1993,"3,9665","3,9271","3,9741","3,9217","0,96%"
07.09.1993,"3,9867","3,9487","4,0133","3,9454","0,51%"
08.09.1993,"3,9958","3,9866","4,0105","3,9702","0,23%"
09.09.1993,"4,0151","3,9876","4,0253","3,9716","0,48%"
10.09.1993,"4,0380","4,0057","4,0465","4,0047","0,57%"
13.09.1993,"4,0428","4,0320","4,0591","4,0208","0,12%"
14.09.1993,"4,0353","4,0310","4,0563","4,0176","-0,19%"
15.09.1993,"4,0497","4,0327","4,0798","4,0290","0,36%"
16.09.1993,"4,0373","4,0470","4,0735","4,0215","-0,31%"
17.09.1993,"4,0211","4,0372","4,0449","4,0121","-0,40%"
20.09.1993,"4,0370","4,0127","4,0370","4,0062","0,40%"
21.09.1993,"4,0195","4,0313","4,0519","3,9995","-0,43%"
22.09.1993,"3,9929","4,0161","4,0222","3,9636","-0,66%"
23.09.1993,"3,9846","3,9922","4,0057","3,9708","-0,21%"
24.09.1993,"3,9954","3,9708","3,9958","3,9493","0,27%"
27.09.1993,"4,0163","4,0097","4,0239","3,9937","0,52%"
28.09.1993,"4,0175","4,0144","4,0248","3,9769","0,03%"
29.09.1993,"4,0305","4,0102","4,0554","4,0078","0,32%"
30.09.1993,"3,9973","4,0271","4,0389","3,9713","-0,82%"
01.10.1993,"4,0175","3,9938","4,0286","3,9876","0,51%"
04.10.1993,"4,0292","4,0162","4,0356","3,9640","0,29%"
05.10.1993,"4,0267","4,0243","4,0458","4,0059","-0,06%"
06.10.1993,"4,0298","4,0220","4,0457","4,0114","0,08%"
07.10.1993,"4,0243","4,0305","4,0434","4,0142","-0,14%"
08.10.1993,"4,0571","4,0210","4,0675","4,0088","0,82%"
11.10.1993,"4,0587","4,0595","4,0827","4,0512","0,04%"
12.10.1993,"4,0644","4,0582","4,0898","4,0499","0,14%"
13.10.1993,"4,0080","4,0567","4,0668","3,9916","-1,39%"
14.10.1993,"3,9410","4,0014","4,0071","3,9343","-1,67%"
15.10.1993,"3,9103","3,9376","3,9474","3,8996","-0,78%"
18.10.1993,"3,8812","3,9002","3,9036","3,8685","-0,74%"
19.10.1993,"3,8738","3,8685","3,8863","3,8550","-0,19%"
20.10.1993,"3,8814","3,8711","3,8864","3,8548","0,20%"
21.10.1993,"3,8411","3,8781","3,8831","3,8326","-1,04%"
22.10.1993,"3,8361","3,8327","3,8573","3,8221","-0,13%"
25.10.1993,"3,8296","3,8381","3,8587","3,8131","-0,17%"
26.10.1993,"3,8449","3,8244","3,8479","3,8183","0,40%"
27.10.1993,"3,8337","3,8370","3,8525","3,8249","-0,29%"
28.10.1993,"3,8385","3,8316","3,8503","3,8123","0,13%"
29.10.1993,"3,8037","3,8421","3,8474","3,8012","-0,91%"
01.11.1993,"3,8056","3,7999","3,8194","3,7929","0,05%"
02.11.1993,"3,8129","3,8014","3,8215","3,7939","0,19%"
03.11.1993,"3,8140","3,8019","3,8201","3,8003","0,03%"
04.11.1993,"3,8084","3,8175","3,8231","3,7957","-0,15%"
05.11.1993,"3,8220","3,8059","3,8356","3,7946","0,36%"
08.11.1993,"3,8155","3,8223","3,8335","3,8030","-0,17%"
09.11.1993,"3,7985","3,8113","3,8208","3,7850","-0,45%"
10.11.1993,"3,8117","3,8000","3,8117","3,7877","0,35%"
11.11.1993,"3,7972","3,8108","3,8189","3,7909","-0,38%"
12.11.1993,"3,8296","3,7950","3,8360","3,7907","0,85%"
15.11.1993,"3,8102","3,8196","3,8319","3,8006","-0,51%"
16.11.1993,"3,7985","3,8043","3,8117","3,7765","-0,31%"
17.11.1993,"3,8021","3,7913","3,8115","3,7744","0,09%"
18.11.1993,"3,7844","3,7996","3,8022","3,7722","-0,47%"
19.11.1993,"3,7722","3,7843","3,7919","3,7640","-0,32%"
22.11.1993,"3,7854","3,7714","3,7937","3,7633","0,35%"
23.11.1993,"3,7825","3,7805","3,7925","3,7621","-0,08%"
24.11.1993,"3,7906","3,7749","3,8023","3,7749","0,21%"
25.11.1993,"3,7866","3,7918","3,7940","3,7824","-0,11%"
26.11.1993,"3,7786","3,7845","3,7923","3,7728","-0,21%"
29.11.1993,"3,7912","3,7758","3,7938","3,7666","0,33%"
30.11.1993,"3,7752","3,7908","3,7946","3,7615","-0,42%"
01.12.1993,"3,7602","3,7700","3,7780","3,7553","-0,40%"
02.12.1993,"3,7629","3,7594","3,7723","3,7515","0,07%"
03.12.1993,"3,7727","3,7614","3,7846","3,7486","0,26%"
06.12.1993,"3,8188","3,7682","3,8188","3,7682","1,22%"
07.12.1993,"3,8055","3,8176","3,8204","3,7936","-0,35%"
08.12.1993,"3,8077","3,8010","3,8220","3,7946","0,06%"
09.12.1993,"3,8071","3,8052","3,8139","3,7922","-0,02%"
10.12.1993,"3,8158","3,8116","3,8316","3,8040","0,23%"
13.12.1993,"3,8121","3,8130","3,8339","3,8025","-0,10%"
14.12.1993,"3,8051","3,8079","3,8190","3,7888","-0,18%"
15.12.1993,"3,8063","3,8012","3,8144","3,7914","0,03%"
16.12.1993,"3,8178","3,8049","3,8259","3,7969","0,30%"
17.12.1993,"3,8205","3,8156","3,8349","3,8114","0,07%"
20.12.1993,"3,8245","3,8132","3,8343","3,8122","0,10%"
21.12.1993,"3,8350","3,8241","3,8399","3,8172","0,27%"
22.12.1993,"3,8403","3,8298","3,8518","3,8283","0,14%"
23.12.1993,"3,8495","3,8411","3,8556","3,8329","0,24%"
24.12.1993,"3,8509","3,8469","3,8552","3,8362","0,04%"
27.12.1993,"3,8344","3,8335","3,8408","3,8200","-0,43%"
28.12.1993,"3,8380","3,8302","3,8394","3,8267","0,09%"
29.12.1993,"3,7961","3,8334","3,8360","3,7878","-1,09%"
30.12.1993,"3,7971","3,7942","3,8192","3,7876","0,03%"
31.12.1993,"3,7817","3,7929","3,7989","3,7792","-0,41%"
03.01.1994,"3,7812","3,7792","3,7988","3,7763","-0,01%"
04.01.1994,"3,8038","3,7803","3,8076","3,7773","0,60%"
05.01.1994,"3,7915","3,8033","3,8085","3,7873","-0,32%"
06.01.1994,"3,7827","3,7907","3,8035","3,7781","-0,23%"
07.01.1994,"3,8134","3,7808","3,8140","3,7728","0,81%"
10.01.1994,"3,7923","3,8098","3,8162","3,7871","-0,55%"
11.01.1994,"3,7854","3,7901","3,8032","3,7802","-0,18%"
12.01.1994,"3,7984","3,7838","3,8027","3,7825","0,34%"
13.01.1994,"3,7851","3,7961","3,8026","3,7689","-0,35%"
14.01.1994,"3,7849","3,7859","3,7893","3,7675","-0,01%"
17.01.1994,"3,7781","3,7768","3,7859","3,7726","-0,18%"
18.01.1994,"3,7947","3,7836","3,7981","3,7771","0,44%"
19.01.1994,"3,7903","3,7927","3,8019","3,7828","-0,12%"
20.01.1994,"3,8076","3,7869","3,8171","3,7800","0,46%"
21.01.1994,"3,7846","3,8057","3,8183","3,7777","-0,60%"
24.01.1994,"3,7974","3,7760","3,8019","3,7760","0,34%"
25.01.1994,"3,8056","3,7987","3,8056","3,7882","0,22%"
26.01.1994,"3,8068","3,8021","3,8239","3,7923","0,03%"
27.01.1994,"3,8370","3,8073","3,8422","3,7949","0,79%"
28.01.1994,"3,8061","3,8351","3,8461","3,8015","-0,81%"
31.01.1994,"3,8364","3,8046","3,8415","3,7967","0,80%"
01.02.1994,"3,8319","3,8345","3,8434","3,8169","-0,12%"
02.02.1994,"3,8272","3,8283","3,8354","3,8186","-0,12%"
03.02.1994,"3,8205","3,8266","3,8426","3,8037","-0,18%"
04.02.1994,"3,7932","3,8186","3,8394","3,7794","-0,71%"
07.02.1994,"3,7992","3,7839","3,8095","3,7829","0,16%"
08.02.1994,"3,7892","3,7994","3,8047","3,7826","-0,26%"
09.02.1994,"3,8154","3,7877","3,8188","3,7861","0,69%"
10.02.1994,"3,8166","3,7960","3,8224","3,7856","0,03%"
11.02.1994,"3,8110","3,8178","3,8264","3,8049","-0,15%"
14.02.1994,"3,8619","3,8160","3,8723","3,8092","1,34%"
15.02.1994,"3,8500","3,8332","3,8718","3,8332","-0,31%"
16.02.1994,"3,8712","3,8513","3,8819","3,8424","0,55%"
17.02.1994,"3,8834","3,8690","3,8839","3,8556","0,32%"
18.02.1994,"3,9004","3,8797","3,9039","3,8735","0,44%"
21.02.1994,"3,8753","3,9047","3,9064","3,8683","-0,64%"
22.02.1994,"3,9095","3,8788","3,9102","3,8700","0,88%"
23.02.1994,"3,9600","3,9041","3,9634","3,9006","1,29%"
24.02.1994,"3,9287","3,9565","3,9867","3,8863","-0,79%"
25.02.1994,"3,9288","3,9296","3,9444","3,8925","0,00%"
28.02.1994,"3,9308","3,9311","3,9422","3,9111","0,05%"
01.03.1994,"3,9081","3,9275","3,9362","3,8909","-0,58%"
02.03.1994,"3,9214","3,9033","3,9446","3,8933","0,34%"
03.03.1994,"3,9174","3,9181","3,9308","3,9080","-0,10%"
04.03.1994,"3,9183","3,9162","3,9276","3,9069","0,02%"
07.03.1994,"3,9285","3,9098","3,9377","3,9046","0,26%"
08.03.1994,"3,9311","3,9256","3,9426","3,9145","0,07%"
09.03.1994,"3,9399","3,9290","3,9399","3,9134","0,22%"
10.03.1994,"3,9486","3,9522","3,9756","3,9151","0,22%"
11.03.1994,"3,9471","3,9471","3,9630","3,9091","-0,04%"
14.03.1994,"3,9466","3,9445","3,9557","3,9308","-0,01%"
15.03.1994,"3,9324","3,9447","3,9526","3,9169","-0,36%"
16.03.1994,"3,9450","3,9298","3,9481","3,9251","0,32%"
17.03.1994,"3,9181","3,9411","3,9515","3,9124","-0,68%"
18.03.1994,"3,9253","3,9161","3,9428","3,9038","0,18%"
21.03.1994,"3,9343","3,9127","3,9364","3,9047","0,23%"
22.03.1994,"3,9323","3,9359","3,9540","3,9194","-0,05%"
23.03.1994,"3,9543","3,9356","3,9561","3,9283","0,56%"
24.03.1994,"3,9703","3,9521","3,9720","3,9378","0,40%"
25.03.1994,"3,9752","3,9671","3,9904","3,9409","0,12%"
28.03.1994,"3,9768","3,9687","3,9842","3,9538","0,04%"
29.03.1994,"3,9716","3,9735","3,9916","3,9594","-0,13%"
30.03.1994,"3,9994","3,9660","4,0040","3,9564","0,70%"
31.03.1994,"4,0088","3,9930","4,0359","3,9930","0,24%"
01.04.1994,"3,9567","4,0037","4,0072","3,9550","-1,30%"
04.04.1994,"3,9594","3,9498","3,9687","3,9446","0,07%"
05.04.1994,"3,9691","3,9547","4,0089","3,9533","0,24%"
06.04.1994,"3,9851","3,9692","3,9924","3,9670","0,40%"
07.04.1994,"4,0036","3,9820","4,0125","3,9820","0,46%"
08.04.1994,"4,0182","4,0009","4,0245","3,9971","0,36%"
11.04.1994,"4,0613","4,0289","4,0961","4,0222","1,07%"
12.04.1994,"4,0685","4,0581","4,0725","4,0428","0,18%"
13.04.1994,"4,0849","4,0677","4,0871","4,0492","0,40%"
14.04.1994,"4,0830","4,0813","4,1237","4,0648","-0,05%"
15.04.1994,"4,1112","4,0798","4,1200","4,0708","0,69%"
18.04.1994,"4,1378","4,0974","4,1501","4,0938","0,65%"
19.04.1994,"4,0383","4,1412","4,1462","4,0275","-2,40%"
20.04.1994,"4,1208","4,0308","4,1266","4,0110","2,04%"
21.04.1994,"4,1193","4,1196","4,1369","4,1011","-0,04%"
22.04.1994,"4,1318","4,1181","4,1369","4,1102","0,30%"
25.04.1994,"4,1501","4,1450","4,1568","4,1274","0,44%"
26.04.1994,"4,1328","4,1430","4,1539","4,0958","-0,42%"
27.04.1994,"4,1366","4,1316","4,1388","4,1131","0,09%"
28.04.1994,"4,1448","4,1245","4,1462","4,1058","0,20%"
29.04.1994,"4,1119","4,1415","4,1491","4,0771","-0,79%"
02.05.1994,"4,1096","4,1106","4,1323","4,0816","-0,06%"
03.05.1994,"4,1639","4,1028","4,1754","4,1028","1,32%"
04.05.1994,"4,1947","4,1584","4,2052","4,1525","0,74%"
05.05.1994,"4,1838","4,1874","4,1967","4,1702","-0,26%"
06.05.1994,"4,1458","4,1742","4,1797","4,1112","-0,91%"
09.05.1994,"4,2021","4,1388","4,2090","4,1323","1,36%"
10.05.1994,"4,1665","4,2013","4,2045","4,1531","-0,85%"
11.05.1994,"4,2036","4,1633","4,2139","4,1503","0,89%"
12.05.1994,"4,2093","4,2024","4,2150","4,1858","0,14%"
13.05.1994,"4,2085","4,2103","4,2192","4,1897","-0,02%"
16.05.1994,"4,2216","4,2098","4,2311","4,1904","0,31%"
17.05.1994,"4,2163","4,2170","4,2430","4,2082","-0,13%"
18.05.1994,"4,2746","4,2136","4,2783","4,1941","1,38%"
19.05.1994,"4,2676","4,2719","4,2825","4,2594","-0,16%"
20.05.1994,"4,2991","4,2678","4,3068","4,2638","0,74%"
23.05.1994,"4,2836","4,2967","4,3068","4,2582","-0,36%"
24.05.1994,"4,2741","4,2771","4,2931","4,2641","-0,22%"
25.05.1994,"4,2970","4,2714","4,3007","4,2628","0,54%"
26.05.1994,"4,2664","4,2934","4,2983","4,2601","-0,71%"
27.05.1994,"4,2707","4,2637","4,2782","4,2466","0,10%"
30.05.1994,"4,2535","4,2646","4,2686","4,2131","-0,40%"
31.05.1994,"4,2494","4,2561","4,2673","4,2327","-0,10%"
01.06.1994,"4,2524","4,2418","4,2658","4,2311","0,07%"
02.06.1994,"4,2260","4,2526","4,2627","4,2165","-0,62%"
03.06.1994,"4,1841","4,2233","4,2391","4,1796","-0,99%"
06.06.1994,"4,1796","4,1924","4,1992","4,1671","-0,11%"
07.06.1994,"4,1922","4,1769","4,1991","4,1688","0,30%"
08.06.1994,"4,1882","4,1938","4,1991","4,1736","-0,10%"
09.06.1994,"4,1856","4,1830","4,1899","4,1674","-0,06%"
10.06.1994,"4,1978","4,1830","4,2036","4,1708","0,29%"
13.06.1994,"4,2411","4,1973","4,2444","4,1973","1,03%"
14.06.1994,"4,2351","4,2384","4,2537","4,2220","-0,14%"
15.06.1994,"4,2629","4,2299","4,2684","4,2248","0,66%"
16.06.1994,"4,2714","4,2595","4,2961","4,2539","0,20%"
17.06.1994,"4,3538","4,2818","4,3597","4,2724","1,93%"
20.06.1994,"4,3690","4,3509","4,3730","4,3172","0,35%"
21.06.1994,"4,4021","4,3637","4,4123","4,3577","0,76%"
22.06.1994,"4,3649","4,3994","4,4042","4,3177","-0,85%"
23.06.1994,"4,3209","4,3600","4,3742","4,3020","-1,01%"
24.06.1994,"4,3857","4,3416","4,3941","4,2894","1,50%"
27.06.1994,"4,3687","4,3976","4,4174","4,3640","-0,39%"
28.06.1994,"4,4165","4,3663","4,4195","4,3629","1,09%"
29.06.1994,"4,3953","4,4213","4,4314","4,3887","-0,48%"
30.06.1994,"4,4020","4,3909","4,4104","4,3687","0,15%"
01.07.1994,"4,3748","4,4024","4,4059","4,3519","-0,62%"
04.07.1994,"4,3776","4,3719","4,3910","4,3561","0,06%"
05.07.1994,"4,4431","4,3780","4,4431","4,3664","1,50%"
06.07.1994,"4,4720","4,4459","4,4720","4,4158","0,65%"
07.07.1994,"4,4617","4,4347","4,4661","4,4268","-0,23%"
08.07.1994,"4,4459","4,4641","4,4806","4,4411","-0,35%"
11.07.1994,"4,5639","4,4976","4,5709","4,4850","2,65%"
12.07.1994,"4,5454","4,5571","4,5775","4,5237","-0,41%"
13.07.1994,"4,5312","4,5314","4,5714","4,5236","-0,31%"
14.07.1994,"4,5052","4,5298","4,5480","4,5012","-0,57%"
15.07.1994,"4,5044","4,5024","4,5210","4,4866","-0,02%"
18.07.1994,"4,5164","4,5251","4,5425","4,5045","0,27%"
19.07.1994,"4,4727","4,5169","4,5242","4,4664","-0,97%"
20.07.1994,"4,4930","4,4700","4,5096","4,4578","0,45%"
21.07.1994,"4,4210","4,4968","4,5133","4,4094","-1,60%"
22.07.1994,"4,4354","4,4160","4,4558","4,4057","0,33%"
25.07.1994,"4,4470","4,4437","4,4710","4,4327","0,26%"
26.07.1994,"4,4479","4,4436","4,4788","4,4268","0,02%"
27.07.1994,"4,4508","4,4460","4,4617","4,4367","0,07%"
28.07.1994,"4,4199","4,4444","4,4726","4,4153","-0,69%"
29.07.1994,"4,4411","4,4260","4,4530","4,3934","0,48%"
01.08.1994,"4,4196","4,4296","4,4668","4,4170","-0,48%"
02.08.1994,"4,4123","4,4225","4,4319","4,3979","-0,17%"
03.08.1994,"4,3690","4,4063","4,4195","4,3657","-0,98%"
04.08.1994,"4,3577","4,4074","4,4141","4,3521","-0,26%"
05.08.1994,"4,3792","4,3550","4,3864","4,3497","0,49%"
08.08.1994,"4,3632","4,3845","4,3894","4,3475","-0,37%"
09.08.1994,"4,3641","4,3609","4,3682","4,3348","0,02%"
10.08.1994,"4,3587","4,3639","4,3831","4,3545","-0,12%"
11.08.1994,"4,3948","4,3523","4,4034","4,3302","0,83%"
12.08.1994,"4,3873","4,3906","4,4016","4,3617","-0,17%"
15.08.1994,"4,3865","4,3893","4,3974","4,3800","-0,02%"
16.08.1994,"4,3738","4,3838","4,4104","4,3652","-0,29%"
17.08.1994,"4,3894","4,3611","4,3896","4,3503","0,36%"
18.08.1994,"4,3994","4,3885","4,4085","4,3724","0,23%"
19.08.1994,"4,4118","4,4028","4,4237","4,3961","0,28%"
22.08.1994,"4,4447","4,4078","4,4483","4,4060","0,75%"
23.08.1994,"4,4402","4,4412","4,4501","4,4161","-0,10%"
24.08.1994,"4,4102","4,4397","4,4452","4,4040","-0,68%"
25.08.1994,"4,4204","4,4068","4,4234","4,3929","0,23%"
26.08.1994,"4,3373","4,4184","4,4226","4,3181","-1,88%"
29.08.1994,"4,3398","4,3346","4,3555","4,2990","0,06%"
30.08.1994,"4,3402","4,3311","4,3485","4,3111","0,01%"
31.08.1994,"4,3295","4,3418","4,3492","4,3229","-0,25%"
01.09.1994,"4,3465","4,3285","4,3547","4,3267","0,39%"
02.09.1994,"4,3945","4,3477","4,3963","4,3267","1,10%"
05.09.1994,"4,3851","4,3919","4,3963","4,3717","-0,21%"
06.09.1994,"4,3996","4,3848","4,4139","4,3788","0,33%"
07.09.1994,"4,3767","4,3969","4,4021","4,3641","-0,52%"
08.09.1994,"4,3594","4,3719","4,3911","4,3450","-0,40%"
09.09.1994,"4,4056","4,3539","4,4152","4,3407","1,06%"
12.09.1994,"4,3838","4,4064","4,4112","4,3765","-0,49%"
13.09.1994,"4,3835","4,3861","4,3986","4,3665","-0,01%"
14.09.1994,"4,3899","4,3808","4,4052","4,3808","0,15%"
15.09.1994,"4,3737","4,3797","4,3868","4,3670","-0,37%"
16.09.1994,"4,4011","4,3752","4,4161","4,3669","0,63%"
19.09.1994,"4,3666","4,3821","4,3919","4,3462","-0,78%"
20.09.1994,"4,3638","4,3600","4,3704","4,3386","-0,06%"
21.09.1994,"4,3694","4,3611","4,3834","4,3564","0,13%"
22.09.1994,"4,3598","4,3650","4,3728","4,3494","-0,22%"
23.09.1994,"4,3575","4,3565","4,3795","4,3414","-0,05%"
26.09.1994,"4,3556","4,3478","4,3623","4,3397","-0,04%"
27.09.1994,"4,4004","4,3583","4,4033","4,3496","1,03%"
28.09.1994,"4,3780","4,3977","4,4111","4,3721","-0,51%"
29.09.1994,"4,4034","4,3803","4,4127","4,3774","0,58%"
30.09.1994,"4,3954","4,4032","4,4226","4,3832","-0,18%"
03.10.1994,"4,4108","4,3917","4,4138","4,3832","0,35%"
04.10.1994,"4,4177","4,4096","4,4182","4,3914","0,16%"
05.10.1994,"4,4208","4,4141","4,4347","4,4035","0,07%"
06.10.1994,"4,4243","4,4181","4,4323","4,4054","0,08%"
07.10.1994,"4,4192","4,4216","4,4412","4,4056","-0,12%"
10.10.1994,"4,4425","4,4156","4,4425","4,4021","0,53%"
11.10.1994,"4,4114","4,4135","4,4271","4,3987","-0,70%"
12.10.1994,"4,4337","4,4065","4,4337","4,4006","0,51%"
13.10.1994,"4,4695","4,4301","4,4703","4,4145","0,81%"
14.10.1994,"4,4781","4,4744","4,4878","4,4577","0,19%"
17.10.1994,"4,4998","4,4686","4,5397","4,4686","0,48%"
18.10.1994,"4,4766","4,4909","4,5059","4,4617","-0,52%"
19.10.1994,"4,4675","4,4698","4,4817","4,4484","-0,20%"
20.10.1994,"4,5087","4,4693","4,5087","4,4581","0,92%"
21.10.1994,"4,4509","4,5102","4,5136","4,4468","-1,28%"
24.10.1994,"4,4648","4,4430","4,4672","4,4379","0,31%"
25.10.1994,"4,4419","4,4730","4,4808","4,4366","-0,51%"
26.10.1994,"4,4678","4,4443","4,4706","4,4383","0,58%"
27.10.1994,"4,4588","4,4645","4,4672","4,4485","-0,20%"
28.10.1994,"4,4157","4,4512","4,4649","4,3943","-0,97%"
31.10.1994,"4,4380","4,4104","4,4408","4,4100","0,51%"
01.11.1994,"4,4495","4,4374","4,4570","4,4283","0,26%"
02.11.1994,"4,4099","4,4516","4,4614","4,4030","-0,89%"
03.11.1994,"4,4054","4,4086","4,4235","4,3829","-0,10%"
04.11.1994,"4,4154","4,4008","4,4164","4,3823","0,23%"
07.11.1994,"4,3999","4,4198","4,4253","4,3919","-0,35%"
08.11.1994,"4,4070","4,4053","4,4137","4,3936","0,16%"
09.11.1994,"4,3766","4,4074","4,4231","4,3597","-0,69%"
10.11.1994,"4,3829","4,3742","4,3921","4,3579","0,14%"
11.11.1994,"4,3802","4,3814","4,3912","4,3715","-0,06%"
14.11.1994,"4,3441","4,3766","4,3793","4,3362","-0,82%"
15.11.1994,"4,3323","4,3414","4,3555","4,3296","-0,27%"
16.11.1994,"4,3281","4,3296","4,3391","4,3105","-0,10%"
17.11.1994,"4,3354","4,3254","4,3476","4,3254","0,17%"
18.11.1994,"4,3307","4,3247","4,3454","4,3115","-0,11%"
21.11.1994,"4,3335","4,3252","4,3379","4,3055","0,06%"
22.11.1994,"4,3383","4,3309","4,3498","4,3241","0,11%"
23.11.1994,"4,3381","4,3386","4,3548","4,3280","-0,00%"
24.11.1994,"4,3228","4,3227","4,3381","4,3169","-0,35%"
25.11.1994,"4,3218","4,3247","4,3341","4,3138","-0,02%"
28.11.1994,"4,3127","4,3145","4,3241","4,2968","-0,21%"
29.11.1994,"4,3063","4,3114","4,3330","4,3019","-0,15%"
30.11.1994,"4,3180","4,3050","4,3245","4,2980","0,27%"
01.12.1994,"4,3216","4,3146","4,3321","4,3079","0,08%"
02.12.1994,"4,3142","4,3175","4,3248","4,3054","-0,17%"
05.12.1994,"4,3236","4,3096","4,3286","4,3020","0,22%"
06.12.1994,"4,3206","4,3237","4,3408","4,3119","-0,07%"
07.12.1994,"4,3220","4,3179","4,3377","4,3026","0,03%"
08.12.1994,"4,3096","4,3208","4,3308","4,2981","-0,29%"
09.12.1994,"4,3172","4,2981","4,3217","4,2846","0,18%"
12.12.1994,"4,3193","4,3184","4,3266","4,3004","0,05%"
13.12.1994,"4,3216","4,3180","4,3312","4,3085","0,05%"
14.12.1994,"4,3295","4,3149","4,3304","4,3142","0,18%"
15.12.1994,"4,3326","4,3276","4,3348","4,3185","0,07%"
16.12.1994,"4,3260","4,3301","4,3367","4,3233","-0,15%"
19.12.1994,"4,3062","4,3239","4,3266","4,2969","-0,46%"
20.12.1994,"4,3118","4,3044","4,3138","4,2872","0,13%"
21.12.1994,"4,2896","4,3101","4,3160","4,2834","-0,51%"
22.12.1994,"4,3008","4,2788","4,3083","4,2755","0,26%"
23.12.1994,"4,2926","4,2992","4,3122","4,2899","-0,19%"
26.12.1994,"4,2926","4,2899","4,2926","4,2899","0,00%"
27.12.1994,"4,3005","4,2899","4,3069","4,2856","0,18%"
28.12.1994,"4,3050","4,2970","4,3165","4,2833","0,10%"
29.12.1994,"4,3392","4,3014","4,3549","4,3014","0,79%"
30.12.1994,"4,3484","4,3365","4,3508","4,3325","0,21%"
02.01.1995,"4,3205","4,3457","4,3506","4,3178","-0,64%"
03.01.1995,"4,3418","4,3178","4,3516","4,3178","0,49%"
04.01.1995,"4,3444","4,3352","4,3518","4,3252","0,06%"
05.01.1995,"4,3604","4,3406","4,3664","4,3406","0,37%"
06.01.1995,"4,3383","4,3565","4,3645","4,3254","-0,51%"
09.01.1995,"4,3733","4,3295","4,3923","4,3212","0,81%"
10.01.1995,"4,3703","4,3714","4,3757","4,3461","-0,07%"
11.01.1995,"4,3487","4,3665","4,3731","4,3389","-0,49%"
12.01.1995,"4,3655","4,3456","4,3701","4,3352","0,39%"
13.01.1995,"4,3554","4,3628","4,3732","4,3359","-0,23%"
16.01.1995,"4,3713","4,3527","4,3808","4,3435","0,37%"
17.01.1995,"4,3666","4,3686","4,3823","4,3499","-0,11%"
18.01.1995,"4,3652","4,3652","4,3865","4,3552","-0,03%"
19.01.1995,"4,4100","4,3625","4,4213","4,3559","1,03%"
20.01.1995,"4,4200","4,4064","4,4272","4,3938","0,23%"
23.01.1995,"4,4133","4,4170","4,4278","4,4038","-0,15%"
24.01.1995,"4,4192","4,4127","4,4302","4,4106","0,13%"
25.01.1995,"4,4097","4,4207","4,4420","4,3964","-0,21%"
26.01.1995,"4,4056","4,4112","4,4240","4,4012","-0,09%"
27.01.1995,"4,4121","4,4029","4,4248","4,4009","0,15%"
30.01.1995,"4,4250","4,4091","4,4409","4,4028","0,29%"
31.01.1995,"4,3909","4,4226","4,4344","4,3775","-0,77%"
01.02.1995,"4,4042","4,3885","4,4137","4,3731","0,30%"
02.02.1995,"4,4075","4,4013","4,4164","4,3883","0,07%"
03.02.1995,"4,3828","4,4044","4,4133","4,3689","-0,56%"
06.02.1995,"4,3774","4,3772","4,3861","4,3593","-0,12%"
07.02.1995,"4,3651","4,3818","4,3845","4,3564","-0,28%"
08.02.1995,"4,3795","4,3599","4,3858","4,3599","0,33%"
09.02.1995,"4,3849","4,3825","4,3907","4,3637","0,12%"
10.02.1995,"4,4028","4,3831","4,4097","4,3661","0,41%"
13.02.1995,"4,3961","4,3994","4,4053","4,3874","-0,15%"
14.02.1995,"4,4242","4,3920","4,4338","4,3886","0,64%"
15.02.1995,"4,4272","4,4240","4,4355","4,4132","0,07%"
16.02.1995,"4,4694","4,4243","4,4756","4,4233","0,95%"
17.02.1995,"4,4901","4,4684","4,4956","4,4623","0,46%"
20.02.1995,"4,5076","4,4858","4,5139","4,4858","0,39%"
21.02.1995,"4,5373","4,4907","4,5373","4,4681","0,66%"
22.02.1995,"4,5708","4,5262","4,5831","4,5134","0,74%"
23.02.1995,"4,5934","4,5655","4,6521","4,5531","0,49%"
24.02.1995,"4,5972","4,5900","4,6181","4,5558","0,08%"
27.02.1995,"4,5723","4,6041","4,6105","4,5619","-0,54%"
28.02.1995,"4,5751","4,5637","4,5976","4,5547","0,06%"
01.03.1995,"4,5823","4,5734","4,5907","4,5603","0,16%"
02.03.1995,"4,6353","4,5803","4,6450","4,5679","1,16%"
03.03.1995,"4,6386","4,6263","4,6446","4,5695","0,07%"
06.03.1995,"4,6600","4,6358","4,7036","4,6313","0,46%"
07.03.1995,"4,6900","4,6527","4,7131","4,6439","0,64%"
08.03.1995,"4,6998","4,6924","4,7856","4,6865","0,21%"
09.03.1995,"4,7311","4,6997","4,7829","4,6744","0,67%"
10.03.1995,"4,7193","4,6992","4,7627","4,6820","-0,25%"
13.03.1995,"4,7195","4,7122","4,7428","4,6721","0,00%"
14.03.1995,"4,7016","4,7086","4,7247","4,6862","-0,38%"
15.03.1995,"4,7034","4,6931","4,7219","4,6645","0,04%"
16.03.1995,"4,6821","4,7043","4,7171","4,6547","-0,45%"
17.03.1995,"4,6913","4,6766","4,7123","4,6766","0,20%"
20.03.1995,"4,6959","4,6876","4,7337","4,6764","0,10%"
21.03.1995,"4,6932","4,6913","4,7283","4,6736","-0,06%"
22.03.1995,"4,6812","4,6856","4,7083","4,6570","-0,26%"
23.03.1995,"4,6788","4,6748","4,6902","4,6504","-0,05%"
24.03.1995,"4,6662","4,6750","4,6987","4,6405","-0,27%"
27.03.1995,"4,6822","4,6634","4,7024","4,6494","0,34%"
28.03.1995,"4,7215","4,6845","4,7283","4,6733","0,84%"
29.03.1995,"4,7336","4,7212","4,7560","4,7115","0,26%"
30.03.1995,"4,6878","4,7351","4,7493","4,6680","-0,97%"
31.03.1995,"4,7675","4,6890","4,7803","4,6758","1,70%"
03.04.1995,"4,7697","4,7414","4,7802","4,7181","0,05%"
04.04.1995,"4,7568","4,7676","4,7794","4,7222","-0,27%"
05.04.1995,"4,7705","4,7368","4,7873","4,7348","0,29%"
06.04.1995,"4,7842","4,7677","4,7980","4,7617","0,29%"
07.04.1995,"4,7904","4,7814","4,8131","4,7632","0,13%"
10.04.1995,"4,6852","4,7876","4,7913","4,6788","-2,20%"
11.04.1995,"4,7348","4,7119","4,7442","4,6924","1,06%"
12.04.1995,"4,7413","4,7248","4,7533","4,7131","0,14%"
13.04.1995,"4,7948","4,7317","4,7973","4,7298","1,13%"
14.04.1995,"4,7828","4,7917","4,8015","4,7671","-0,25%"
17.04.1995,"4,8415","4,7741","4,8469","4,7741","1,23%"
18.04.1995,"4,8286","4,8284","4,8545","4,7973","-0,27%"
19.04.1995,"4,7759","4,8106","4,8593","4,7671","-1,09%"
20.04.1995,"4,7628","4,7721","4,8117","4,7475","-0,27%"
21.04.1995,"4,8049","4,7596","4,8049","4,7545","0,88%"
24.04.1995,"4,8025","4,8343","4,8463","4,7993","-0,05%"
25.04.1995,"4,8303","4,8069","4,8583","4,7834","0,58%"
26.04.1995,"4,8393","4,8275","4,8514","4,7976","0,19%"
27.04.1995,"4,8076","4,8297","4,8513","4,8041","-0,66%"
28.04.1995,"4,7962","4,8068","4,8272","4,7644","-0,24%"
01.05.1995,"4,7816","4,7795","4,7928","4,7662","-0,30%"
02.05.1995,"4,8120","4,7803","4,8277","4,7790","0,64%"
03.05.1995,"4,8397","4,8099","4,8524","4,8084","0,58%"
04.05.1995,"4,8435","4,8362","4,8649","4,8322","0,08%"
05.05.1995,"4,8285","4,8413","4,8541","4,8178","-0,31%"
08.05.1995,"4,8568","4,8308","4,8704","4,8255","0,59%"
09.05.1995,"4,8285","4,8635","4,8666","4,8238","-0,58%"
10.05.1995,"4,8218","4,8257","4,8519","4,8038","-0,14%"
11.05.1995,"4,7316","4,8230","4,8262","4,7262","-1,87%"
12.05.1995,"4,6841","4,6964","4,7147","4,6511","-1,00%"
15.05.1995,"4,7193","4,6674","4,7255","4,6616","0,75%"
16.05.1995,"4,6930","4,7183","4,7370","4,6641","-0,56%"
17.05.1995,"4,6886","4,6892","4,7277","4,6705","-0,09%"
18.05.1995,"4,6801","4,6827","4,7253","4,6634","-0,18%"
19.05.1995,"4,7260","4,6793","4,7539","4,6793","0,98%"
22.05.1995,"4,7289","4,7232","4,7445","4,6992","0,06%"
23.05.1995,"4,7080","4,7213","4,7393","4,6945","-0,44%"
24.05.1995,"4,7436","4,7042","4,7498","4,7042","0,76%"
25.05.1995,"4,8460","4,7397","4,8537","4,7397","2,16%"
26.05.1995,"4,9019","4,8391","4,9161","4,8332","1,15%"
29.05.1995,"4,8451","4,8943","4,8990","4,8339","-1,16%"
30.05.1995,"4,8430","4,8572","4,8693","4,8308","-0,04%"
31.05.1995,"4,8001","4,8392","4,9015","4,7883","-0,89%"
01.06.1995,"4,8462","4,8054","4,8462","4,7644","0,96%"
02.06.1995,"4,7887","4,8388","4,8623","4,7850","-1,19%"
05.06.1995,"4,8255","4,7850","4,8510","4,7850","0,77%"
06.06.1995,"4,8207","4,8254","4,8307","4,7959","-0,10%"
07.06.1995,"4,8182","4,8178","4,8403","4,8123","-0,05%"
08.06.1995,"4,8262","4,8163","4,8306","4,7824","0,17%"
09.06.1995,"4,8293","4,8234","4,8529","4,8160","0,06%"
12.06.1995,"4,8328","4,8302","4,8477","4,8171","0,07%"
13.06.1995,"4,8112","4,8417","4,8526","4,8051","-0,45%"
14.06.1995,"4,8388","4,8084","4,8523","4,7999","0,57%"
15.06.1995,"4,8290","4,8415","4,8553","4,8044","-0,20%"
16.06.1995,"4,8380","4,8249","4,8481","4,8157","0,19%"
19.06.1995,"4,8424","4,8365","4,8573","4,8157","0,09%"
20.06.1995,"4,8517","4,8402","4,8681","4,8164","0,19%"
21.06.1995,"4,8499","4,8547","4,8579","4,8329","-0,04%"
22.06.1995,"4,8165","4,8468","4,8673","4,8081","-0,69%"
23.06.1995,"4,8344","4,8137","4,8509","4,8104","0,37%"
26.06.1995,"4,8146","4,8408","4,8461","4,8010","-0,41%"
27.06.1995,"4,8192","4,8187","4,8374","4,8152","0,10%"
28.06.1995,"4,8162","4,8163","4,8413","4,7930","-0,06%"
29.06.1995,"4,8635","4,8142","4,8657","4,8119","0,98%"
30.06.1995,"4,8425","4,8538","4,8566","4,8225","-0,43%"
03.07.1995,"4,8457","4,8397","4,8588","4,8333","0,07%"
04.07.1995,"4,8449","4,8419","4,8544","4,8383","-0,02%"
05.07.1995,"4,8593","4,8454","4,8643","4,8403","0,30%"
06.07.1995,"4,8593","4,8519","4,8593","4,8372","0,00%"
07.07.1995,"4,8371","4,8460","4,8611","4,8138","-0,46%"
10.07.1995,"4,8391","4,8343","4,8457","4,8156","0,04%"
11.07.1995,"4,8170","4,8344","4,8389","4,8066","-0,46%"
12.07.1995,"4,8275","4,8171","4,8374","4,8112","0,22%"
13.07.1995,"4,8620","4,8206","4,8693","4,7925","0,71%"
14.07.1995,"4,8540","4,8592","4,8689","4,8380","-0,16%"
17.07.1995,"4,8374","4,8446","4,8511","4,8293","-0,34%"
18.07.1995,"4,8605","4,8375","4,8755","4,8342","0,48%"
19.07.1995,"4,8871","4,8536","4,8962","4,8476","0,55%"
20.07.1995,"4,8703","4,8870","4,8923","4,8576","-0,34%"
21.07.1995,"4,8678","4,8675","4,8762","4,8530","-0,05%"
24.07.1995,"4,8643","4,8566","4,8778","4,8566","-0,07%"
25.07.1995,"4,8345","4,8597","4,8706","4,8295","-0,61%"
26.07.1995,"4,8652","4,8350","4,8796","4,8328","0,64%"
27.07.1995,"4,8800","4,8624","4,8806","4,8581","0,30%"
28.07.1995,"4,8732","4,8710","4,8920","4,8549","-0,14%"
31.07.1995,"4,8550","4,8678","4,8805","4,8489","-0,37%"
01.08.1995,"4,8718","4,8521","4,8801","4,8419","0,35%"
02.08.1995,"4,8209","4,8636","4,8664","4,7983","-1,04%"
03.08.1995,"4,8422","4,8181","4,8510","4,8164","0,44%"
04.08.1995,"4,8180","4,8325","4,8379","4,8072","-0,50%"
07.08.1995,"4,7727","4,8152","4,8277","4,7677","-0,94%"
08.08.1995,"4,7719","4,7699","4,7826","4,7610","-0,02%"
09.08.1995,"4,7735","4,7737","4,7786","4,7604","0,03%"
10.08.1995,"4,7482","4,7731","4,7768","4,7327","-0,53%"
11.08.1995,"4,7279","4,7457","4,7654","4,7115","-0,43%"
14.08.1995,"4,7328","4,7280","4,7552","4,7159","0,10%"
15.08.1995,"4,6533","4,7300","4,7384","4,6408","-1,68%"
16.08.1995,"4,6522","4,6505","4,6727","4,6227","-0,02%"
17.08.1995,"4,6479","4,6464","4,6566","4,6128","-0,09%"
18.08.1995,"4,6540","4,6457","4,6689","4,6276","0,13%"
21.08.1995,"4,6449","4,6521","4,6598","4,6366","-0,20%"
22.08.1995,"4,6257","4,6323","4,6464","4,6166","-0,41%"
23.08.1995,"4,6274","4,6229","4,6471","4,6085","0,04%"
24.08.1995,"4,6524","4,6259","4,6644","4,6050","0,54%"
25.08.1995,"4,6460","4,6415","4,6626","4,6312","-0,14%"
28.08.1995,"4,6771","4,6426","4,6932","4,6394","0,67%"
29.08.1995,"4,6390","4,6755","4,6780","4,6322","-0,81%"
30.08.1995,"4,6490","4,6402","4,6539","4,6262","0,22%"
31.08.1995,"4,6606","4,6462","4,6784","4,6342","0,25%"
01.09.1995,"4,6704","4,6705","4,6799","4,6488","0,21%"
04.09.1995,"4,6728","4,6657","4,6911","4,6626","0,05%"
05.09.1995,"4,6805","4,6700","4,6824","4,6584","0,16%"
06.09.1995,"4,6404","4,6780","4,6805","4,6263","-0,86%"
07.09.1995,"4,6322","4,6379","4,6543","4,6258","-0,18%"
08.09.1995,"4,6547","4,6306","4,6565","4,6149","0,49%"
11.09.1995,"4,6460","4,6465","4,6715","4,6421","-0,19%"
12.09.1995,"4,6437","4,6391","4,6585","4,6372","-0,05%"
13.09.1995,"4,6064","4,6410","4,6435","4,5880","-0,80%"
14.09.1995,"4,6228","4,6039","4,6387","4,5810","0,36%"
15.09.1995,"4,6331","4,6223","4,6384","4,6021","0,22%"
18.09.1995,"4,6452","4,6222","4,6532","4,6120","0,26%"
19.09.1995,"4,6337","4,6435","4,6547","4,6232","-0,25%"
20.09.1995,"4,6760","4,6309","4,6905","4,6309","0,91%"
21.09.1995,"4,7385","4,6729","4,7421","4,6656","1,34%"
22.09.1995,"4,7440","4,7387","4,7754","4,7387","0,12%"
25.09.1995,"4,7237","4,7438","4,7514","4,7114","-0,43%"
26.09.1995,"4,7163","4,7216","4,7369","4,7007","-0,16%"
27.09.1995,"4,7401","4,7157","4,7597","4,7125","0,50%"
28.09.1995,"4,7580","4,7424","4,7627","4,7347","0,38%"
29.09.1995,"4,7367","4,7544","4,7670","4,7195","-0,45%"
02.10.1995,"4,7506","4,7339","4,7514","4,7193","0,29%"
03.10.1995,"4,7184","4,7407","4,7586","4,7002","-0,68%"
04.10.1995,"4,7224","4,7083","4,7331","4,7011","0,08%"
05.10.1995,"4,7405","4,7233","4,7449","4,6968","0,38%"
06.10.1995,"4,7194","4,7377","4,7424","4,6867","-0,45%"
09.10.1995,"4,7317","4,7147","4,7511","4,7089","0,26%"
10.10.1995,"4,7181","4,7280","4,7339","4,7054","-0,29%"
11.10.1995,"4,7083","4,7150","4,7303","4,6814","-0,21%"
12.10.1995,"4,7456","4,7055","4,7482","4,6982","0,79%"
13.10.1995,"4,7290","4,7362","4,7527","4,7047","-0,35%"
16.10.1995,"4,7258","4,7328","4,7462","4,7227","-0,07%"
17.10.1995,"4,7348","4,7240","4,7423","4,7167","0,19%"
18.10.1995,"4,7121","4,7347","4,7530","4,6949","-0,48%"
19.10.1995,"4,7477","4,7144","4,7589","4,7122","0,76%"
20.10.1995,"4,7663","4,7453","4,7822","4,7335","0,39%"
23.10.1995,"4,7777","4,7583","4,8016","4,7498","0,24%"
24.10.1995,"4,7587","4,7763","4,7927","4,7486","-0,40%"
25.10.1995,"4,7599","4,7559","4,7829","4,7445","0,03%"
26.10.1995,"4,7595","4,7571","4,7754","4,7098","-0,01%"
27.10.1995,"4,7399","4,7672","4,7949","4,7332","-0,41%"
30.10.1995,"4,7547","4,7328","4,7710","4,7328","0,31%"
31.10.1995,"4,7460","4,7556","4,7720","4,7285","-0,18%"
01.11.1995,"4,7253","4,7554","4,7582","4,7143","-0,44%"
02.11.1995,"4,7064","4,7207","4,7344","4,6988","-0,40%"
03.11.1995,"4,7160","4,7135","4,7310","4,6957","0,20%"
06.11.1995,"4,7188","4,7118","4,7323","4,6995","0,06%"
07.11.1995,"4,7195","4,7233","4,7276","4,7005","0,01%"
08.11.1995,"4,7025","4,7090","4,7255","4,6974","-0,36%"
09.11.1995,"4,7397","4,7116","4,7415","4,6918","0,79%"
10.11.1995,"4,6952","4,7381","4,7418","4,6853","-0,94%"
13.11.1995,"4,6957","4,6969","4,7276","4,6769","0,01%"
14.11.1995,"4,7188","4,6984","4,7308","4,6937","0,49%"
15.11.1995,"4,7339","4,7290","4,7601","4,7251","0,32%"
16.11.1995,"4,7425","4,7416","4,7510","4,7264","0,18%"
17.11.1995,"4,7743","4,7477","4,7743","4,7438","0,67%"
20.11.1995,"4,7536","4,7468","4,7604","4,7126","-0,43%"
21.11.1995,"4,7471","4,7497","4,7525","4,7325","-0,14%"
22.11.1995,"4,7462","4,7490","4,7592","4,7295","-0,02%"
23.11.1995,"4,7476","4,7461","4,7632","4,7411","0,03%"
24.11.1995,"4,7460","4,7445","4,7714","4,7366","-0,03%"
27.11.1995,"4,7166","4,7366","4,7555","4,6995","-0,62%"
28.11.1995,"4,7289","4,7145","4,7460","4,7085","0,26%"
29.11.1995,"4,7083","4,7316","4,7472","4,6946","-0,44%"
30.11.1995,"4,6791","4,7062","4,7189","4,6645","-0,62%"
01.12.1995,"4,6754","4,6785","4,6897","4,6645","-0,08%"
04.12.1995,"4,6790","4,6672","4,6990","4,6652","0,08%"
05.12.1995,"4,7086","4,6783","4,7127","4,6759","0,63%"
06.12.1995,"4,6855","4,7029","4,7220","4,6765","-0,49%"
07.12.1995,"4,6692","4,6741","4,7012","4,6649","-0,35%"
08.12.1995,"4,6700","4,6722","4,6862","4,6520","0,02%"
11.12.1995,"4,6639","4,6707","4,6863","4,6586","-0,13%"
12.12.1995,"4,6479","4,6625","4,6768","4,6355","-0,34%"
13.12.1995,"4,6319","4,6454","4,6522","4,6185","-0,34%"
14.12.1995,"4,6639","4,6299","4,6767","4,6238","0,69%"
15.12.1995,"4,6662","4,6607","4,6825","4,6595","0,05%"
18.12.1995,"4,7026","4,6751","4,7043","4,6725","0,78%"
19.12.1995,"4,6681","4,7001","4,7029","4,6638","-0,73%"
20.12.1995,"4,6746","4,6656","4,6817","4,6538","0,14%"
21.12.1995,"4,6736","4,6784","4,6860","4,6602","-0,02%"
22.12.1995,"4,6780","4,6723","4,6780","4,6494","0,09%"
25.12.1995,"4,6761","4,6724","4,6761","4,6724","-0,04%"
26.12.1995,"4,6917","4,6724","4,6935","4,6628","0,33%"
27.12.1995,"4,6693","4,6887","4,6950","4,6547","-0,48%"
28.12.1995,"4,6613","4,6730","4,6921","4,6565","-0,17%"
29.12.1995,"4,6580","4,6585","4,6905","4,6540","-0,07%"
02.01.1996,"4,6573","4,6518","4,6821","4,6509","-0,02%"
03.01.1996,"4,6265","4,6575","4,6645","4,6222","-0,66%"
04.01.1996,"4,6435","4,6304","4,6435","4,5943","0,37%"
05.01.1996,"4,6591","4,6388","4,6777","4,6237","0,34%"
08.01.1996,"4,6740","4,6578","4,6852","4,6438","0,32%"
09.01.1996,"4,6829","4,6643","4,6879","4,6570","0,19%"
10.01.1996,"4,6861","4,6649","4,6955","4,6649","0,07%"
11.01.1996,"4,6745","4,6764","4,7033","4,6648","-0,25%"
12.01.1996,"4,6527","4,6703","4,6820","4,6420","-0,47%"
15.01.1996,"4,6424","4,6115","4,6623","4,6115","-0,22%"
16.01.1996,"4,5987","4,6450","4,6478","4,5959","-0,94%"
17.01.1996,"4,5878","4,5862","4,6128","4,5779","-0,24%"
18.01.1996,"4,5662","4,5803","4,6068","4,5622","-0,47%"
19.01.1996,"4,5449","4,5661","4,5729","4,5347","-0,47%"
22.01.1996,"4,5475","4,5466","4,5597","4,5307","0,06%"
23.01.1996,"4,5374","4,5478","4,5613","4,5247","-0,22%"
24.01.1996,"4,5220","4,5330","4,5404","4,5147","-0,34%"
25.01.1996,"4,5023","4,5239","4,5484","4,4847","-0,44%"
26.01.1996,"4,4802","4,4929","4,5062","4,4709","-0,49%"
29.01.1996,"4,5008","4,4799","4,5044","4,4725","0,46%"
30.01.1996,"4,4916","4,5035","4,5146","4,4834","-0,20%"
31.01.1996,"4,5041","4,4915","4,5115","4,4892","0,28%"
01.02.1996,"4,5152","4,5004","4,5202","4,4907","0,25%"
02.02.1996,"4,5171","4,5056","4,5221","4,4958","0,04%"
05.02.1996,"4,5496","4,5050","4,5613","4,5050","0,72%"
06.02.1996,"4,5474","4,5463","4,5551","4,5327","-0,05%"
07.02.1996,"4,5297","4,5465","4,5496","4,5178","-0,39%"
08.02.1996,"4,5328","4,5264","4,5394","4,5167","0,07%"
09.02.1996,"4,5383","4,5282","4,5507","4,5177","0,12%"
12.02.1996,"4,5444","4,5350","4,5655","4,5350","0,13%"
13.02.1996,"4,5466","4,5399","4,5540","4,5255","0,05%"
14.02.1996,"4,5615","4,5435","4,5690","4,5421","0,33%"
15.02.1996,"4,5901","4,5586","4,5908","4,5544","0,63%"
16.02.1996,"4,7567","4,5882","4,7856","4,5715","3,63%"
19.02.1996,"4,8822","4,7637","4,9675","4,7567","2,64%"
20.02.1996,"4,9006","4,8749","4,9212","4,8376","0,38%"
21.02.1996,"4,9967","4,8919","5,0995","4,8681","1,96%"
22.02.1996,"4,9164","4,9821","5,0026","4,8847","-1,61%"
23.02.1996,"4,8755","4,9101","4,9361","4,8365","-0,83%"
26.02.1996,"4,8423","4,8672","4,9116","4,8279","-0,68%"
27.02.1996,"4,8482","4,8266","4,8782","4,8266","0,12%"
28.02.1996,"4,8283","4,8381","4,8564","4,8046","-0,41%"
29.02.1996,"4,8635","4,8121","4,8871","4,8075","0,73%"
01.03.1996,"4,8953","4,8568","4,9066","4,7606","0,65%"
04.03.1996,"4,8940","4,8949","4,9124","4,8808","-0,03%"
05.03.1996,"4,8817","4,8869","4,9977","4,8447","-0,25%"
06.03.1996,"4,8756","4,8762","4,8903","4,8512","-0,12%"
07.03.1996,"4,9109","4,8547","4,9200","4,7644","0,72%"
08.03.1996,"4,8977","4,8957","4,9890","4,8792","-0,27%"
11.03.1996,"4,9130","4,8941","4,9644","4,8941","0,31%"
12.03.1996,"4,9394","4,9066","4,9413","4,8706","0,54%"
13.03.1996,"4,9050","4,9231","4,9461","4,8737","-0,70%"
14.03.1996,"4,9565","4,8906","4,9705","4,8824","1,05%"
15.03.1996,"4,9339","4,9478","4,9698","4,9096","-0,46%"
18.03.1996,"4,9220","4,9011","4,9628","4,9011","-0,24%"
19.03.1996,"4,9343","4,9102","4,9371","4,9079","0,25%"
20.03.1996,"4,9390","4,9308","4,9470","4,9212","0,10%"
21.03.1996,"4,9021","4,9323","4,9373","4,8954","-0,75%"
22.03.1996,"4,9176","4,8966","4,9269","4,8915","0,32%"
25.03.1996,"4,9393","4,9165","4,9500","4,9103","0,44%"
26.03.1996,"4,9492","4,9307","4,9635","4,9130","0,20%"
27.03.1996,"4,9817","4,9431","4,9929","4,9354","0,66%"
28.03.1996,"5,0327","4,9710","5,0344","4,9690","1,02%"
29.03.1996,"4,9979","5,0211","5,0490","4,9878","-0,69%"
01.04.1996,"5,0015","4,9909","5,0185","4,9700","0,07%"
02.04.1996,"5,0422","4,9985","5,0511","4,9950","0,81%"
03.04.1996,"5,1913","5,0312","5,2227","5,0304","2,96%"
04.04.1996,"5,1563","5,1765","5,1944","5,1127","-0,67%"
05.04.1996,"5,1415","5,1454","5,1636","5,1280","-0,29%"
08.04.1996,"5,1365","5,1321","5,1705","5,1100","-0,10%"
09.04.1996,"5,1750","5,1137","5,2022","5,1137","0,75%"
10.04.1996,"5,2191","5,1688","5,2332","5,1584","0,85%"
11.04.1996,"5,1680","5,2077","5,2160","5,1352","-0,98%"
12.04.1996,"5,1871","5,1595","5,1962","5,0955","0,37%"
15.04.1996,"5,2287","5,1629","5,2428","5,1495","0,80%"
16.04.1996,"5,2450","5,2339","5,2828","5,2158","0,31%"
17.04.1996,"5,2537","5,2410","5,2843","5,1965","0,17%"
18.04.1996,"5,2646","5,2538","5,2937","5,2408","0,21%"
19.04.1996,"5,2871","5,2622","5,3384","5,2563","0,43%"
22.04.1996,"5,2528","5,2643","5,2832","5,2443","-0,65%"
23.04.1996,"5,2340","5,2512","5,2678","5,2257","-0,36%"
24.04.1996,"5,2842","5,2283","5,2887","5,2229","0,96%"
25.04.1996,"5,4496","5,2703","5,4752","5,2497","3,13%"
26.04.1996,"5,3750","5,4492","5,6074","5,3667","-1,37%"
29.04.1996,"5,3728","5,3659","5,4211","5,2955","-0,04%"
30.04.1996,"5,3125","5,3589","5,4120","5,2825","-1,12%"
01.05.1996,"5,2771","5,3016","5,3162","5,2677","-0,67%"
02.05.1996,"5,3685","5,2729","5,3869","5,2729","1,73%"
03.05.1996,"5,4040","5,3602","5,4124","5,3532","0,66%"
06.05.1996,"5,4151","5,3800","5,4340","5,3800","0,21%"
07.05.1996,"5,3953","5,4146","5,4336","5,3870","-0,37%"
08.05.1996,"5,5519","5,3826","5,5679","5,3413","2,90%"
09.05.1996,"5,5076","5,5502","5,6299","5,4886","-0,80%"
10.05.1996,"5,3822","5,4961","5,5221","5,3373","-2,28%"
13.05.1996,"5,3528","5,3764","5,4076","5,2976","-0,55%"
14.05.1996,"5,2516","5,3467","5,3637","5,2337","-1,89%"
15.05.1996,"5,2824","5,2541","5,3177","5,2323","0,59%"
16.05.1996,"5,3365","5,2736","5,3594","5,2736","1,02%"
17.05.1996,"5,2966","5,3347","5,3632","5,2758","-0,75%"
20.05.1996,"5,2976","5,2887","5,3211","5,2603","0,02%"
21.05.1996,"5,2926","5,2889","5,3180","5,2744","-0,09%"
22.05.1996,"5,3362","5,2690","5,3410","5,2690","0,82%"
23.05.1996,"5,3449","5,3292","5,3633","5,3161","0,16%"
24.05.1996,"5,3401","5,3366","5,3650","5,3217","-0,09%"
27.05.1996,"5,3513","5,3253","5,3635","5,3253","0,21%"
28.05.1996,"5,3755","5,3410","5,3838","5,3353","0,45%"
29.05.1996,"5,3931","5,3681","5,3931","5,3533","0,33%"
30.05.1996,"5,3716","5,3891","5,4153","5,3602","-0,40%"
31.05.1996,"5,3906","5,3668","5,4024","5,3522","0,35%"
03.06.1996,"5,4024","5,3817","5,4258","5,3728","0,22%"
04.06.1996,"5,4053","5,3944","5,4202","5,3775","0,05%"
05.06.1996,"5,3974","5,4026","5,4299","5,3859","-0,15%"
06.06.1996,"5,3800","5,3916","5,4311","5,3583","-0,32%"
07.06.1996,"5,3749","5,3717","5,3980","5,3467","-0,09%"
10.06.1996,"5,3561","5,3657","5,4024","5,3416","-0,35%"
11.06.1996,"5,3612","5,3483","5,3896","5,3263","0,10%"
12.06.1996,"5,3142","5,3505","5,3683","5,2939","-0,88%"
13.06.1996,"5,3284","5,3046","5,3415","5,3027","0,27%"
14.06.1996,"5,3787","5,3253","5,4206","5,3240","0,94%"
17.06.1996,"5,3987","5,3882","5,4377","5,3738","0,37%"
18.06.1996,"5,4212","5,3871","5,4314","5,3871","0,42%"
19.06.1996,"5,4074","5,4098","5,4366","5,3946","-0,25%"
20.06.1996,"5,4172","5,3912","5,4423","5,3851","0,18%"
21.06.1996,"5,3884","5,3962","5,4276","5,3701","-0,53%"
24.06.1996,"5,3949","5,3727","5,4104","5,3667","0,12%"
25.06.1996,"5,3919","5,3853","5,4008","5,3608","-0,06%"
26.06.1996,"5,3713","5,3848","5,3989","5,3547","-0,38%"
27.06.1996,"5,4122","5,3683","5,4122","5,3546","0,76%"
28.06.1996,"5,3837","5,4027","5,4089","5,3743","-0,53%"
01.07.1996,"5,3885","5,3801","5,4045","5,3695","0,09%"
02.07.1996,"5,3779","5,3777","5,3959","5,3651","-0,20%"
03.07.1996,"5,3984","5,3774","5,4005","5,3587","0,38%"
04.07.1996,"5,4046","5,3934","5,4184","5,3849","0,11%"
05.07.1996,"5,3935","5,3986","5,4150","5,3550","-0,21%"
08.07.1996,"5,3891","5,3819","5,3968","5,3607","-0,08%"
09.07.1996,"5,3752","5,3768","5,3961","5,3695","-0,26%"
10.07.1996,"5,3737","5,3731","5,3903","5,3594","-0,03%"
11.07.1996,"5,4129","5,3646","5,4244","5,3637","0,73%"
12.07.1996,"5,4901","5,4027","5,5135","5,3945","1,43%"
15.07.1996,"5,5238","5,4852","5,5386","5,4799","0,61%"
16.07.1996,"5,6273","5,5060","5,6754","5,5051","1,87%"
17.07.1996,"5,5527","5,6267","5,6399","5,5372","-1,33%"
18.07.1996,"5,5504","5,5493","5,5760","5,5065","-0,04%"
19.07.1996,"5,5620","5,5423","5,5832","5,5334","0,21%"
22.07.1996,"5,5762","5,5112","5,5936","5,5112","0,26%"
23.07.1996,"5,6066","5,5752","5,6472","5,5692","0,55%"
24.07.1996,"5,5888","5,6003","5,6269","5,5778","-0,32%"
25.07.1996,"5,6467","5,5810","5,6624","5,5810","1,04%"
26.07.1996,"5,6402","5,6381","5,6939","5,6286","-0,12%"
29.07.1996,"5,6571","5,6406","5,6646","5,6379","0,30%"
30.07.1996,"5,6877","5,6466","5,6937","5,6439","0,54%"
31.07.1996,"5,7732","5,6845","5,7866","5,6808","1,50%"
01.08.1996,"5,7309","5,7669","5,7810","5,7170","-0,73%"
02.08.1996,"5,7018","5,7181","5,7347","5,6721","-0,51%"
05.08.1996,"5,6730","5,6958","5,7235","5,6422","-0,51%"
06.08.1996,"5,6728","5,6635","5,6863","5,6452","-0,00%"
07.08.1996,"5,6814","5,6688","5,7074","5,6542","0,15%"
08.08.1996,"5,7409","5,6775","5,7472","5,6694","1,05%"
09.08.1996,"5,7480","5,7371","5,7687","5,7180","0,12%"
12.08.1996,"5,7684","5,7508","5,7881","5,7372","0,35%"
13.08.1996,"5,7721","5,7572","5,7915","5,7302","0,06%"
14.08.1996,"5,7531","5,7685","5,7815","5,7434","-0,33%"
15.08.1996,"5,7915","5,7546","5,8024","5,7292","0,67%"
16.08.1996,"5,7530","5,7791","5,7988","5,7321","-0,66%"
19.08.1996,"5,7725","5,7272","5,8186","5,7127","0,34%"
20.08.1996,"5,7869","5,7598","5,7894","5,7508","0,25%"
21.08.1996,"5,7798","5,7679","5,8054","5,7496","-0,12%"
22.08.1996,"5,7498","5,7826","5,7970","5,7283","-0,52%"
23.08.1996,"5,7658","5,7494","5,7751","5,7090","0,28%"
26.08.1996,"5,7667","5,7635","5,7925","5,7544","0,02%"
27.08.1996,"5,7480","5,7676","5,7858","5,7358","-0,32%"
28.08.1996,"5,7372","5,7381","5,7810","5,7118","-0,19%"
29.08.1996,"5,7420","5,7310","5,7536","5,7173","0,08%"
30.08.1996,"5,7183","5,7372","5,7569","5,6869","-0,41%"
02.09.1996,"5,6744","5,7066","5,7224","5,6578","-0,77%"
03.09.1996,"5,6940","5,6651","5,7117","5,6517","0,35%"
04.09.1996,"5,7142","5,6895","5,7199","5,6778","0,35%"
05.09.1996,"5,7104","5,7146","5,7458","5,7006","-0,07%"
06.09.1996,"5,7025","5,7067","5,7379","5,6946","-0,14%"
09.09.1996,"5,6718","5,6953","5,7123","5,6614","-0,54%"
10.09.1996,"5,6261","5,6607","5,6677","5,6063","-0,81%"
11.09.1996,"5,6148","5,6232","5,6390","5,5965","-0,20%"
12.09.1996,"5,6294","5,6119","5,6480","5,6054","0,26%"
13.09.1996,"5,6230","5,6215","5,6440","5,6125","-0,11%"
16.09.1996,"5,6241","5,6185","5,6339","5,6017","0,02%"
17.09.1996,"5,6171","5,6179","5,6292","5,6009","-0,12%"
18.09.1996,"5,6296","5,6117","5,6493","5,6114","0,22%"
19.09.1996,"5,6258","5,6290","5,6342","5,5956","-0,07%"
20.09.1996,"5,6462","5,6170","5,6562","5,6041","0,36%"
23.09.1996,"5,6752","5,6327","5,6826","5,6327","0,51%"
24.09.1996,"5,7148","5,6753","5,7166","5,6614","0,70%"
25.09.1996,"5,6927","5,7037","5,7207","5,6754","-0,39%"
26.09.1996,"5,6801","5,6829","5,7033","5,6372","-0,22%"
27.09.1996,"5,6699","5,6703","5,6997","5,6588","-0,18%"
30.09.1996,"5,6762","5,6702","5,6776","5,6325","0,11%"
01.10.1996,"5,6578","5,6744","5,6918","5,6428","-0,32%"
02.10.1996,"5,6087","5,6537","5,6665","5,6021","-0,87%"
03.10.1996,"5,6505","5,6078","5,6619","5,5990","0,75%"
04.10.1996,"5,6609","5,6483","5,6776","5,6320","0,18%"
07.10.1996,"5,6705","5,6592","5,6894","5,6475","0,17%"
08.10.1996,"5,6733","5,6639","5,6930","5,6595","0,05%"
09.10.1996,"5,6872","5,6670","5,6922","5,6641","0,25%"
10.10.1996,"5,7009","5,6818","5,7159","5,6634","0,24%"
11.10.1996,"5,6930","5,6955","5,7045","5,6725","-0,14%"
14.10.1996,"5,6823","5,6840","5,7025","5,6753","-0,19%"
15.10.1996,"5,6591","5,6809","5,6916","5,6495","-0,41%"
16.10.1996,"5,6770","5,6533","5,6852","5,6390","0,32%"
17.10.1996,"5,6579","5,6688","5,6963","5,6370","-0,34%"
18.10.1996,"5,6826","5,6516","5,6857","5,6462","0,44%"
21.10.1996,"5,7162","5,6763","5,7200","5,6621","0,59%"
22.10.1996,"5,7314","5,7126","5,7506","5,7087","0,27%"
23.10.1996,"5,7661","5,7260","5,7752","5,7260","0,61%"
24.10.1996,"5,7888","5,7584","5,7937","5,7537","0,39%"
25.10.1996,"5,8136","5,7810","5,8433","5,7582","0,43%"
28.10.1996,"5,8794","5,7998","5,8953","5,7989","1,13%"
29.10.1996,"5,9487","5,8753","5,9608","5,8683","1,18%"
30.10.1996,"6,0197","5,9479","6,0358","5,9287","1,19%"
31.10.1996,"5,9354","6,0073","6,0529","5,9272","-1,40%"
01.11.1996,"5,9290","5,9438","5,9599","5,8760","-0,11%"
04.11.1996,"5,9649","5,9202","5,9690","5,9160","0,61%"
05.11.1996,"5,9464","5,9679","5,9821","5,9261","-0,31%"
06.11.1996,"5,9505","5,9377","5,9690","5,9088","0,07%"
07.11.1996,"5,9516","5,9437","6,0078","5,9424","0,02%"
08.11.1996,"5,9819","5,9433","5,9962","5,9243","0,51%"
11.11.1996,"6,0064","5,9825","6,0204","5,9754","0,41%"
12.11.1996,"5,9360","6,0169","6,0341","5,9254","-1,17%"
13.11.1996,"5,9680","5,9300","5,9801","5,8866","0,54%"
14.11.1996,"5,9558","5,9723","5,9948","5,9446","-0,20%"
15.11.1996,"5,9462","5,9541","5,9722","5,9301","-0,16%"
18.11.1996,"5,9524","5,9505","5,9684","5,9197","0,10%"
19.11.1996,"5,9029","5,9505","5,9574","5,8951","-0,83%"
20.11.1996,"5,9784","5,8969","6,0014","5,8969","1,28%"
21.11.1996,"5,8885","5,9678","5,9861","5,8627","-1,50%"
22.11.1996,"5,8823","5,8761","5,9377","5,8650","-0,11%"
25.11.1996,"5,8313","5,8832","5,8907","5,8239","-0,87%"
26.11.1996,"5,7973","5,8337","5,8392","5,7683","-0,58%"
27.11.1996,"5,7515","5,7922","5,7985","5,7272","-0,79%"
28.11.1996,"5,7563","5,7415","5,7723","5,7189","0,08%"
29.11.1996,"5,7879","5,7454","5,8013","5,7454","0,55%"
02.12.1996,"5,8032","5,7701","5,8443","5,7689","0,26%"
03.12.1996,"5,7799","5,7964","5,8130","5,7298","-0,40%"
04.12.1996,"5,7885","5,7634","5,7923","5,7443","0,15%"
05.12.1996,"5,8059","5,7821","5,8239","5,7682","0,30%"
06.12.1996,"5,8161","5,8040","5,8695","5,7874","0,18%"
09.12.1996,"5,8167","5,8006","5,8365","5,7939","0,01%"
10.12.1996,"5,8054","5,8001","5,8369","5,7971","-0,19%"
11.12.1996,"5,8470","5,8158","5,8628","5,8120","0,72%"
12.12.1996,"5,9397","5,8422","5,9430","5,8289","1,59%"
13.12.1996,"5,8780","5,9331","5,9428","5,8648","-1,04%"
16.12.1996,"5,8924","5,8676","5,9190","5,8314","0,24%"
17.12.1996,"5,8623","5,9001","5,9131","5,8575","-0,51%"
18.12.1996,"5,8049","5,8651","5,8930","5,7759","-0,98%"
19.12.1996,"5,7690","5,8023","5,8171","5,7355","-0,62%"
20.12.1996,"5,8109","5,7611","5,8224","5,7472","0,73%"
23.12.1996,"5,8079","5,7993","5,8361","5,7875","-0,05%"
24.12.1996,"5,8103","5,8105","5,8261","5,7897","0,04%"
25.12.1996,"5,8091","5,8147","5,8171","5,8067","-0,02%"
26.12.1996,"5,8171","5,8048","5,8210","5,7978","0,14%"
27.12.1996,"5,8072","5,8111","5,8203","5,7699","-0,17%"
30.12.1996,"5,8100","5,8010","5,8179","5,7835","0,05%"
31.12.1996,"5,8659","5,8045","5,8795","5,7939","0,96%"
02.01.1997,"5,8819","5,8553","5,8965","5,8356","0,27%"
03.01.1997,"5,8094","5,8684","5,8930","5,7955","-1,23%"
06.01.1997,"5,8339","5,8019","5,8485","5,7831","0,42%"
07.01.1997,"5,7798","5,8308","5,8577","5,7710","-0,93%"
08.01.1997,"5,7794","5,7731","5,8056","5,7477","-0,01%"
09.01.1997,"5,7469","5,7702","5,7867","5,7126","-0,56%"
10.01.1997,"5,7361","5,7442","5,7760","5,7192","-0,19%"
13.01.1997,"5,7150","5,7433","5,7540","5,6934","-0,37%"
14.01.1997,"5,6916","5,7101","5,7370","5,6652","-0,41%"
15.01.1997,"5,6902","5,6876","5,6976","5,6542","-0,02%"
16.01.1997,"5,6782","5,6869","5,7056","5,6628","-0,21%"
17.01.1997,"5,5979","5,6707","5,7069","5,5926","-1,41%"
20.01.1997,"5,5654","5,5926","5,6088","5,5457","-0,58%"
21.01.1997,"5,5583","5,5595","5,6034","5,5530","-0,13%"
22.01.1997,"5,4798","5,5544","5,5678","5,4715","-1,41%"
23.01.1997,"5,4716","5,4771","5,5002","5,4513","-0,15%"
24.01.1997,"5,4799","5,4586","5,5094","5,4577","0,15%"
27.01.1997,"5,4140","5,4622","5,4757","5,3994","-1,20%"
28.01.1997,"5,3798","5,4112","5,4164","5,3398","-0,63%"
29.01.1997,"5,3714","5,3703","5,4058","5,3345","-0,16%"
30.01.1997,"5,4062","5,3723","5,4278","5,3647","0,65%"
31.01.1997,"5,3789","5,4005","5,4251","5,3684","-0,50%"
03.02.1997,"5,3338","5,3639","5,3719","5,3016","-0,84%"
04.02.1997,"5,3284","5,3329","5,3494","5,3033","-0,10%"
05.02.1997,"5,2943","5,3188","5,3316","5,2589","-0,64%"
06.02.1997,"5,2452","5,2856","5,2978","5,2233","-0,93%"
07.02.1997,"5,1987","5,2424","5,2634","5,1420","-0,89%"
10.02.1997,"5,1496","5,2352","5,2392","5,1392","-0,94%"
11.02.1997,"5,1312","5,1461","5,1962","5,1030","-0,36%"
12.02.1997,"5,0895","5,1212","5,1422","5,0773","-0,81%"
13.02.1997,"5,0938","5,0890","5,1197","5,0593","0,08%"
14.02.1997,"5,0837","5,0966","5,1090","5,0656","-0,20%"
17.02.1997,"5,0551","5,0774","5,0886","5,0376","-0,56%"
18.02.1997,"5,1380","5,0504","5,1397","5,0222","1,64%"
19.02.1997,"5,1142","5,1257","5,1840","5,0976","-0,46%"
20.02.1997,"5,1734","5,1069","5,1734","5,1015","1,16%"
21.02.1997,"5,1475","5,1673","5,1725","5,1389","-0,50%"
24.02.1997,"5,1267","5,1542","5,1890","5,1104","-0,40%"
25.02.1997,"5,1340","5,1221","5,1371","5,0935","0,14%"
26.02.1997,"5,1001","5,1288","5,1537","5,0822","-0,66%"
27.02.1997,"5,1462","5,0968","5,1540","5,0927","0,90%"
28.02.1997,"5,1348","5,1415","5,1582","5,1108","-0,22%"
03.03.1997,"5,1165","5,1328","5,1427","5,1029","-0,36%"
04.03.1997,"5,0522","5,1076","5,1242","5,0323","-1,26%"
05.03.1997,"5,0449","5,0498","5,0717","5,0395","-0,14%"
06.03.1997,"5,0527","5,0460","5,0630","5,0312","0,15%"
07.03.1997,"5,0537","5,0465","5,0747","5,0356","0,02%"
10.03.1997,"5,0638","5,0581","5,0793","5,0414","0,20%"
11.03.1997,"5,0568","5,0582","5,0707","5,0225","-0,14%"
12.03.1997,"5,0329","5,0498","5,0695","5,0133","-0,47%"
13.03.1997,"5,0134","5,0302","5,0593","4,9964","-0,39%"
14.03.1997,"5,0816","5,0057","5,0980","5,0044","1,36%"
17.03.1997,"5,0546","5,0736","5,1056","5,0507","-0,53%"
18.03.1997,"5,1016","5,0433","5,1068","5,0422","0,93%"
19.03.1997,"5,0998","5,0880","5,1117","5,0760","-0,04%"
20.03.1997,"5,0732","5,0945","5,1390","5,0627","-0,52%"
21.03.1997,"5,0953","5,0699","5,1124","5,0596","0,44%"
24.03.1997,"5,0952","5,0820","5,1092","5,0741","-0,00%"
25.03.1997,"5,0776","5,0859","5,1019","5,0602","-0,35%"
26.03.1997,"5,0909","5,0759","5,1007","5,0590","0,26%"
27.03.1997,"5,1372","5,0803","5,1416","5,0803","0,91%"
28.03.1997,"5,1193","5,1332","5,1372","5,1091","-0,35%"
31.03.1997,"5,1547","5,1150","5,1663","5,1150","0,69%"
01.04.1997,"5,1502","5,1485","5,1613","5,1161","-0,09%"
02.04.1997,"5,1295","5,1451","5,1553","5,1194","-0,40%"
03.04.1997,"5,1498","5,1242","5,1624","5,1122","0,40%"
04.04.1997,"5,0989","5,1446","5,1555","5,0949","-0,99%"
07.04.1997,"5,0535","5,0969","5,1014","5,0442","-0,89%"
08.04.1997,"5,0450","5,0502","5,0709","5,0389","-0,17%"
09.04.1997,"5,0258","5,0400","5,0603","5,0158","-0,38%"
10.04.1997,"5,0618","5,0190","5,0935","5,0179","0,72%"
11.04.1997,"5,0461","5,0584","5,0783","5,0302","-0,31%"
14.04.1997,"5,0397","5,0552","5,0642","5,0358","-0,13%"
15.04.1997,"5,0450","5,0375","5,0598","5,0130","0,11%"
16.04.1997,"5,0393","5,0434","5,0553","5,0224","-0,11%"
17.04.1997,"5,0501","5,0331","5,0693","5,0265","0,21%"
18.04.1997,"5,0769","5,0439","5,0808","5,0325","0,53%"
21.04.1997,"5,0975","5,0602","5,1180","5,0574","0,41%"
22.04.1997,"5,0395","5,0907","5,1006","5,0367","-1,14%"
23.04.1997,"5,0589","5,0367","5,0695","5,0367","0,38%"
24.04.1997,"5,0411","5,0562","5,0691","5,0226","-0,35%"
25.04.1997,"5,0067","5,0372","5,0564","5,0001","-0,68%"
28.04.1997,"5,0009","5,0039","5,0211","4,9869","-0,12%"
29.04.1997,"5,0271","4,9996","5,0360","4,9928","0,52%"
30.04.1997,"5,0057","5,0209","5,0375","4,9948","-0,43%"
01.05.1997,"5,0328","5,0006","5,0501","4,9941","0,54%"
02.05.1997,"5,0245","5,0272","5,0487","5,0109","-0,16%"
05.05.1997,"5,0149","5,0218","5,0375","4,9986","-0,19%"
06.05.1997,"5,0364","5,0087","5,0536","5,0085","0,43%"
07.05.1997,"5,0431","5,0330","5,0653","5,0241","0,13%"
08.05.1997,"5,0953","5,0397","5,1021","5,0350","1,04%"
09.05.1997,"5,1356","5,0901","5,1522","5,0784","0,79%"
12.05.1997,"5,0853","5,1357","5,1544","5,0733","-0,98%"
13.05.1997,"5,1433","5,0813","5,1439","5,0716","1,14%"
14.05.1997,"5,1660","5,1365","5,1660","5,1045","0,44%"
15.05.1997,"5,1524","5,1645","5,1972","5,1307","-0,26%"
16.05.1997,"5,1587","5,1453","5,1698","5,1161","0,12%"
19.05.1997,"5,1006","5,1546","5,1662","5,0796","-1,13%"
20.05.1997,"5,1955","5,0945","5,2000","5,0945","1,86%"
21.05.1997,"5,1383","5,1915","5,2085","5,1215","-1,10%"
22.05.1997,"5,1442","5,1332","5,1684","5,1238","0,11%"
23.05.1997,"5,1485","5,1385","5,1660","5,1335","0,08%"
26.05.1997,"5,1534","5,1525","5,1908","5,1410","0,10%"
27.05.1997,"5,1128","5,1483","5,1614","5,1042","-0,79%"
28.05.1997,"5,1283","5,1065","5,1494","5,0964","0,30%"
29.05.1997,"5,1213","5,1244","5,1404","5,0875","-0,14%"
30.05.1997,"5,0975","5,1185","5,1335","5,0755","-0,46%"
02.06.1997,"5,0375","5,0935","5,0991","5,0199","-1,18%"
03.06.1997,"5,0475","5,0336","5,0646","5,0238","0,20%"
04.06.1997,"5,0578","5,0407","5,0627","5,0167","0,20%"
05.06.1997,"5,0584","5,0516","5,0747","5,0356","0,01%"
06.06.1997,"5,0618","5,0522","5,0702","5,0142","0,07%"
09.06.1997,"5,1380","5,0557","5,1456","5,0557","1,51%"
10.06.1997,"5,0928","5,1269","5,1515","5,0770","-0,88%"
11.06.1997,"5,0899","5,0888","5,1204","5,0849","-0,06%"
12.06.1997,"5,0695","5,0873","5,0981","5,0645","-0,40%"
13.06.1997,"5,0602","5,0679","5,0888","5,0415","-0,18%"
16.06.1997,"5,0837","5,0581","5,0874","5,0470","0,46%"
17.06.1997,"5,1029","5,0793","5,1046","5,0537","0,38%"
18.06.1997,"5,0902","5,0934","5,1258","5,0845","-0,25%"
19.06.1997,"5,1103","5,0832","5,1255","5,0737","0,39%"
20.06.1997,"5,1107","5,1187","5,1249","5,0842","0,01%"
23.06.1997,"5,1353","5,1022","5,1370","5,0833","0,48%"
24.06.1997,"5,1168","5,1319","5,1382","5,0923","-0,36%"
25.06.1997,"5,1188","5,1107","5,1380","5,1082","0,04%"
26.06.1997,"5,1226","5,1120","5,1409","5,1049","0,07%"
27.06.1997,"5,0945","5,1175","5,1388","5,0878","-0,55%"
30.06.1997,"5,1101","5,0918","5,1193","5,0799","0,31%"
01.07.1997,"5,0900","5,1062","5,1189","5,0841","-0,39%"
02.07.1997,"5,0835","5,0838","5,1191","5,0600","-0,13%"
03.07.1997,"5,0831","5,0793","5,1069","5,0657","-0,01%"
04.07.1997,"5,0844","5,0769","5,0998","5,0670","0,03%"
07.07.1997,"5,0950","5,0759","5,1250","5,0748","0,21%"
08.07.1997,"5,0930","5,0910","5,1262","5,0826","-0,04%"
09.07.1997,"5,0953","5,0846","5,1147","5,0808","0,05%"
10.07.1997,"5,1113","5,0908","5,1250","5,0667","0,31%"
11.07.1997,"5,0228","5,1078","5,1193","5,0200","-1,73%"
14.07.1997,"5,0138","5,0223","5,0556","4,9969","-0,18%"
15.07.1997,"5,0143","5,0110","5,0508","4,9803","0,01%"
16.07.1997,"5,0174","5,0103","5,0330","4,9850","0,06%"
17.07.1997,"5,0152","5,0127","5,0326","4,9848","-0,04%"
18.07.1997,"5,0267","5,0108","5,0482","4,9914","0,23%"
21.07.1997,"5,0291","5,0115","5,0455","5,0077","0,05%"
22.07.1997,"4,9627","5,0191","5,0297","4,9574","-1,32%"
23.07.1997,"4,9506","4,9593","4,9773","4,9297","-0,24%"
24.07.1997,"4,9235","4,9434","4,9561","4,9018","-0,55%"
25.07.1997,"4,9131","4,9158","4,9301","4,8780","-0,21%"
28.07.1997,"4,8987","4,9054","4,9141","4,8778","-0,29%"
29.07.1997,"4,9252","4,8964","4,9541","4,8964","0,54%"
30.07.1997,"4,9320","4,9143","4,9412","4,8940","0,14%"
31.07.1997,"4,9506","4,9228","4,9773","4,9196","0,38%"
01.08.1997,"4,9184","4,9381","4,9420","4,8966","-0,65%"
04.08.1997,"4,9320","4,9033","4,9415","4,9028","0,28%"
05.08.1997,"4,8901","4,9223","4,9430","4,8675","-0,85%"
06.08.1997,"4,8975","4,8916","4,9143","4,8627","0,15%"
07.08.1997,"4,9274","4,8936","4,9313","4,8778","0,61%"
08.08.1997,"4,9744","4,9187","4,9892","4,9070","0,95%"
11.08.1997,"4,9268","4,9706","4,9767","4,9215","-0,96%"
12.08.1997,"4,9296","4,9191","4,9595","4,9100","0,06%"
13.08.1997,"4,9819","4,9283","4,9999","4,9263","1,06%"
14.08.1997,"5,0137","4,9785","5,0309","4,9558","0,64%"
15.08.1997,"5,0696","4,9899","5,0775","4,9857","1,11%"
18.08.1997,"5,0182","5,0620","5,0953","5,0123","-1,01%"
19.08.1997,"5,0318","5,0153","5,0464","5,0136","0,27%"
20.08.1997,"5,0347","5,0236","5,0458","5,0037","0,06%"
21.08.1997,"5,0869","5,0265","5,1064","5,0250","1,04%"
22.08.1997,"5,0672","5,0830","5,1064","5,0226","-0,39%"
25.08.1997,"5,0762","5,0665","5,0838","5,0343","0,18%"
26.08.1997,"5,1223","5,0668","5,1350","5,0481","0,91%"
27.08.1997,"5,1221","5,1119","5,1279","5,0774","-0,00%"
28.08.1997,"5,1508","5,1138","5,1706","5,0765","0,56%"
29.08.1997,"5,1045","5,1446","5,1540","5,0793","-0,90%"
01.09.1997,"5,0976","5,0883","5,1209","5,0773","-0,14%"
02.09.1997,"5,0427","5,0993","5,1033","5,0288","-1,08%"
03.09.1997,"5,0656","5,0387","5,0901","5,0180","0,45%"
04.09.1997,"5,0812","5,0630","5,1003","5,0436","0,31%"
05.09.1997,"5,1085","5,0751","5,1315","5,0564","0,54%"
08.09.1997,"5,0867","5,0973","5,1206","5,0723","-0,43%"
09.09.1997,"5,0915","5,0827","5,1113","5,0702","0,09%"
10.09.1997,"5,1241","5,0859","5,1406","5,0783","0,64%"
11.09.1997,"5,1630","5,1185","5,1763","5,1185","0,76%"
12.09.1997,"5,1866","5,1543","5,1969","5,1330","0,46%"
15.09.1997,"5,1958","5,1816","5,2233","5,1567","0,18%"
16.09.1997,"5,1769","5,1912","5,1997","5,1546","-0,36%"
17.09.1997,"5,1791","5,1734","5,1912","5,1559","0,04%"
18.09.1997,"5,1547","5,1746","5,2046","5,1453","-0,47%"
19.09.1997,"5,1675","5,1536","5,1933","5,1400","0,25%"
22.09.1997,"5,1632","5,1724","5,1839","5,1279","-0,08%"
23.09.1997,"5,1477","5,1564","5,1706","5,1215","-0,30%"
24.09.1997,"5,1954","5,1410","5,2063","5,1368","0,93%"
25.09.1997,"5,2135","5,1903","5,2238","5,1662","0,35%"
26.09.1997,"5,2117","5,2106","5,2429","5,1808","-0,03%"
29.09.1997,"5,1825","5,1939","5,2261","5,1777","-0,56%"
30.09.1997,"5,1747","5,1822","5,1851","5,1472","-0,15%"
01.10.1997,"5,1589","5,1719","5,1973","5,1387","-0,31%"
02.10.1997,"5,1550","5,1505","5,1825","5,1378","-0,08%"
03.10.1997,"5,2071","5,1505","5,2155","5,1318","1,01%"
06.10.1997,"5,2005","5,2054","5,2210","5,1707","-0,13%"
07.10.1997,"5,2058","5,1960","5,2341","5,1849","0,10%"
08.10.1997,"5,2320","5,1980","5,2375","5,1838","0,50%"
09.10.1997,"5,2409","5,2274","5,2708","5,2072","0,17%"
10.10.1997,"5,2228","5,2369","5,2621","5,1981","-0,35%"
13.10.1997,"5,2311","5,2211","5,2357","5,1954","0,16%"
14.10.1997,"5,2341","5,2257","5,2446","5,2034","0,06%"
15.10.1997,"5,2424","5,2290","5,2503","5,2066","0,16%"
16.10.1997,"5,2676","5,2451","5,2795","5,2328","0,48%"
17.10.1997,"5,2261","5,2648","5,2790","5,1905","-0,79%"
20.10.1997,"5,2187","5,2190","5,2383","5,2034","-0,14%"
21.10.1997,"5,1845","5,2158","5,2265","5,1645","-0,66%"
22.10.1997,"5,2241","5,1827","5,2445","5,1712","0,76%"
23.10.1997,"5,2671","5,2200","5,2767","5,1977","0,82%"
24.10.1997,"5,2794","5,2636","5,2812","5,2054","0,23%"
27.10.1997,"5,3880","5,2727","5,3892","5,2690","2,06%"
28.10.1997,"5,4430","5,3862","5,5906","5,3795","1,02%"
29.10.1997,"5,5059","5,4373","5,5196","5,4070","1,16%"
30.10.1997,"5,5252","5,4997","5,5663","5,4841","0,35%"
31.10.1997,"5,5036","5,5256","5,5511","5,4680","-0,39%"
03.11.1997,"5,4391","5,4868","5,4943","5,4085","-1,17%"
04.11.1997,"5,5175","5,4329","5,5478","5,4329","1,44%"
05.11.1997,"5,5352","5,5150","5,5467","5,4926","0,32%"
06.11.1997,"5,5299","5,5337","5,5475","5,4978","-0,10%"
07.11.1997,"5,5906","5,5284","5,6040","5,5123","1,10%"
10.11.1997,"5,5838","5,5893","5,5924","5,5258","-0,12%"
11.11.1997,"5,5679","5,5791","5,6083","5,5458","-0,28%"
12.11.1997,"5,5640","5,5581","5,5938","5,5177","-0,07%"
13.11.1997,"5,5416","5,5584","5,5690","5,5177","-0,40%"
14.11.1997,"5,5451","5,5453","5,5823","5,5049","0,06%"
17.11.1997,"5,5524","5,5407","5,5596","5,5103","0,13%"
18.11.1997,"5,5561","5,5447","5,5750","5,5380","0,07%"
19.11.1997,"5,5574","5,5622","5,5767","5,5215","0,02%"
20.11.1997,"5,5268","5,5507","5,5845","5,5132","-0,55%"
21.11.1997,"5,5114","5,5156","5,5232","5,4610","-0,28%"
24.11.1997,"5,5158","5,5068","5,5466","5,5062","0,08%"
25.11.1997,"5,4930","5,5118","5,5368","5,4883","-0,41%"
26.11.1997,"5,4549","5,4899","5,5098","5,4432","-0,69%"
27.11.1997,"5,4354","5,4563","5,4632","5,4132","-0,36%"
28.11.1997,"5,4493","5,4332","5,4668","5,4290","0,26%"
01.12.1997,"5,4261","5,4432","5,4567","5,4060","-0,43%"
02.12.1997,"5,4175","5,4215","5,4522","5,4127","-0,16%"
03.12.1997,"5,4313","5,4156","5,4544","5,4143","0,25%"
04.12.1997,"5,4473","5,4369","5,4540","5,4234","0,29%"
05.12.1997,"5,4184","5,4440","5,4567","5,4035","-0,53%"
08.12.1997,"5,3860","5,4105","5,4241","5,3767","-0,60%"
09.12.1997,"5,3946","5,3815","5,4028","5,3602","0,16%"
10.12.1997,"5,4238","5,3924","5,4303","5,3743","0,54%"
11.12.1997,"5,5000","5,4177","5,5015","5,4011","1,40%"
12.12.1997,"5,4419","5,4946","5,4993","5,4319","-1,06%"
15.12.1997,"5,4319","5,4303","5,4631","5,4243","-0,18%"
16.12.1997,"5,4097","5,4261","5,4405","5,3850","-0,41%"
17.12.1997,"5,4038","5,4073","5,4622","5,3997","-0,11%"
18.12.1997,"5,4157","5,3973","5,4202","5,3832","0,22%"
19.12.1997,"5,4185","5,4131","5,4450","5,3952","0,05%"
22.12.1997,"5,3887","5,4037","5,4110","5,3762","-0,55%"
23.12.1997,"5,4101","5,3834","5,4223","5,3727","0,40%"
24.12.1997,"5,4166","5,4064","5,4256","5,3999","0,12%"
25.12.1997,"5,4173","5,4114","5,4173","5,4114","0,01%"
26.12.1997,"5,4216","5,4133","5,4264","5,4003","0,08%"
29.12.1997,"5,3776","5,4226","5,4309","5,3684","-0,81%"
30.12.1997,"5,3749","5,3740","5,3874","5,3360","-0,05%"
31.12.1997,"5,3488","5,3733","5,3859","5,3353","-0,49%"
02.01.1998,"5,3489","5,3439","5,3524","5,3269","0,00%"
05.01.1998,"5,3270","5,3490","5,3676","5,3057","-0,41%"
06.01.1998,"5,3445","5,3205","5,3803","5,3082","0,33%"
07.01.1998,"5,3340","5,3275","5,3670","5,3221","-0,20%"
08.01.1998,"5,3657","5,3379","5,3930","5,3177","0,59%"
09.01.1998,"5,3541","5,3596","5,3919","5,3337","-0,22%"
12.01.1998,"5,4108","5,3412","5,4350","5,3371","1,06%"
13.01.1998,"5,3942","5,4164","5,4325","5,3817","-0,31%"
14.01.1998,"5,3646","5,3905","5,4020","5,3355","-0,55%"
15.01.1998,"5,3780","5,3584","5,3966","5,3402","0,25%"
16.01.1998,"5,3657","5,3760","5,3953","5,3506","-0,23%"
19.01.1998,"5,3626","5,3634","5,3784","5,3254","-0,06%"
20.01.1998,"5,3755","5,3571","5,4007","5,3321","0,24%"
21.01.1998,"5,3784","5,3363","5,3960","5,3189","0,05%"
22.01.1998,"5,4013","5,3762","5,4234","5,3672","0,43%"
23.01.1998,"5,4532","5,4001","5,4736","5,3875","0,96%"
26.01.1998,"5,4048","5,4505","5,4771","5,3711","-0,89%"
27.01.1998,"5,3986","5,3996","5,4274","5,3817","-0,11%"
28.01.1998,"5,3484","5,3928","5,4108","5,3436","-0,93%"
29.01.1998,"5,3180","5,3475","5,3729","5,3065","-0,57%"
30.01.1998,"5,3227","5,3151","5,3652","5,3081","0,09%"
02.02.1998,"5,3762","5,3082","5,3762","5,2980","1,01%"
03.02.1998,"5,3610","5,3529","5,3783","5,3256","-0,28%"
04.02.1998,"5,3871","5,3618","5,4086","5,3425","0,49%"
05.02.1998,"5,4117","5,3771","5,4185","5,3694","0,46%"
06.02.1998,"5,3430","5,4076","5,4180","5,3288","-1,27%"
09.02.1998,"5,3297","5,3386","5,3569","5,3179","-0,25%"
10.02.1998,"5,3643","5,3325","5,3773","5,3300","0,65%"
11.02.1998,"5,3508","5,3617","5,3727","5,3241","-0,25%"
12.02.1998,"5,3907","5,3488","5,3934","5,3357","0,75%"
13.02.1998,"5,3618","5,3821","5,3867","5,3308","-0,54%"
16.02.1998,"5,3703","5,3562","5,3788","5,3405","0,16%"
17.02.1998,"5,3478","5,3624","5,3857","5,3361","-0,42%"
18.02.1998,"5,3661","5,3483","5,3781","5,3347","0,34%"
19.02.1998,"5,3819","5,3497","5,3911","5,3442","0,29%"
20.02.1998,"5,3760","5,3803","5,3844","5,3552","-0,11%"
23.02.1998,"5,4321","5,3853","5,4505","5,3613","1,04%"
24.02.1998,"5,4298","5,4201","5,4433","5,3937","-0,04%"
25.02.1998,"5,3850","5,4192","5,4375","5,3722","-0,83%"
26.02.1998,"5,3903","5,3783","5,4043","5,3641","0,10%"
27.02.1998,"5,3838","5,3857","5,4030","5,3646","-0,12%"
02.03.1998,"5,3733","5,3783","5,4161","5,3647","-0,20%"
03.03.1998,"5,3905","5,3699","5,4084","5,3567","0,32%"
04.03.1998,"5,3674","5,3860","5,3962","5,3500","-0,43%"
05.03.1998,"5,3561","5,3633","5,4076","5,3358","-0,21%"
06.03.1998,"5,3827","5,3517","5,3969","5,3507","0,50%"
09.03.1998,"5,3916","5,3769","5,4211","5,3726","0,17%"
10.03.1998,"5,3863","5,3873","5,3985","5,3669","-0,10%"
11.03.1998,"5,3935","5,3818","5,3989","5,3645","0,13%"
12.03.1998,"5,4066","5,3940","5,4162","5,3803","0,24%"
13.03.1998,"5,4282","5,4008","5,4413","5,3769","0,40%"
16.03.1998,"5,4186","5,4204","5,4297","5,3966","-0,18%"
17.03.1998,"5,4188","5,4162","5,4409","5,4012","0,00%"
18.03.1998,"5,4052","5,4141","5,4265","5,3894","-0,25%"
19.03.1998,"5,3981","5,4034","5,4138","5,3826","-0,13%"
20.03.1998,"5,4002","5,3940","5,4110","5,3793","0,04%"
23.03.1998,"5,4193","5,4017","5,4232","5,3840","0,35%"
24.03.1998,"5,4040","5,4129","5,4211","5,3894","-0,28%"
25.03.1998,"5,3998","5,4014","5,4154","5,3817","-0,08%"
26.03.1998,"5,4253","5,4011","5,4307","5,3772","0,47%"
27.03.1998,"5,4096","5,4203","5,4330","5,3968","-0,29%"
30.03.1998,"5,4078","5,4025","5,4448","5,3865","-0,03%"
31.03.1998,"5,4209","5,3992","5,4290","5,3822","0,24%"
01.04.1998,"5,4216","5,4166","5,4370","5,4006","0,01%"
02.04.1998,"5,4033","5,4143","5,4313","5,3952","-0,34%"
03.04.1998,"5,4148","5,4002","5,4307","5,3918","0,21%"
06.04.1998,"5,4521","5,4076","5,4562","5,3990","0,69%"
07.04.1998,"5,4653","5,4394","5,4675","5,4351","0,24%"
08.04.1998,"5,5113","5,4649","5,5238","5,4530","0,84%"
09.04.1998,"5,4779","5,5087","5,5163","5,4730","-0,61%"
10.04.1998,"5,4818","5,4727","5,5020","5,4727","0,07%"
13.04.1998,"5,4788","5,4766","5,4864","5,4569","-0,05%"
14.04.1998,"5,5354","5,4705","5,5484","5,4705","1,03%"
15.04.1998,"5,5384","5,5290","5,5543","5,5155","0,05%"
16.04.1998,"5,5438","5,5328","5,5523","5,5103","0,10%"
17.04.1998,"5,5271","5,5407","5,5608","5,5168","-0,30%"
20.04.1998,"5,5581","5,5133","5,5631","5,5043","0,56%"
21.04.1998,"5,5748","5,5545","5,5884","5,5477","0,30%"
22.04.1998,"5,5633","5,5706","5,5966","5,5500","-0,21%"
23.04.1998,"5,5639","5,5641","5,5897","5,5473","0,01%"
24.04.1998,"5,5712","5,5587","5,5816","5,5514","0,13%"
27.04.1998,"5,5807","5,5687","5,5971","5,5503","0,17%"
28.04.1998,"5,5580","5,5600","5,5872","5,5490","-0,41%"
29.04.1998,"5,5616","5,5652","5,5711","5,5345","0,06%"
30.04.1998,"5,5706","5,5591","5,5905","5,5534","0,16%"
01.05.1998,"5,5973","5,5659","5,6268","5,5618","0,48%"
04.05.1998,"5,6157","5,5661","5,6163","5,5661","0,33%"
05.05.1998,"5,6411","5,6041","5,6488","5,5969","0,45%"
06.05.1998,"5,6523","5,6325","5,6541","5,6141","0,20%"
07.05.1998,"5,6411","5,6491","5,6717","5,6279","-0,20%"
08.05.1998,"5,6299","5,6381","5,6508","5,6089","-0,20%"
11.05.1998,"5,6105","5,6051","5,6486","5,5924","-0,34%"
12.05.1998,"5,6290","5,6093","5,6411","5,6018","0,33%"
13.05.1998,"5,6264","5,6242","5,6447","5,6009","-0,05%"
14.05.1998,"5,6279","5,6294","5,6406","5,6081","0,03%"
15.05.1998,"5,6126","5,6242","5,6346","5,5970","-0,27%"
18.05.1998,"5,6231","5,6135","5,6262","5,5935","0,19%"
19.05.1998,"5,6351","5,6200","5,6408","5,6059","0,21%"
20.05.1998,"5,6808","5,6451","5,6880","5,6248","0,81%"
21.05.1998,"5,6822","5,6693","5,7054","5,6599","0,02%"
22.05.1998,"5,7968","5,6729","5,7968","5,6610","2,02%"
25.05.1998,"5,7274","5,7287","5,7658","5,7161","-1,20%"
26.05.1998,"5,7005","5,7200","5,7501","5,6693","-0,47%"
27.05.1998,"5,6897","5,6959","5,7454","5,6610","-0,19%"
28.05.1998,"5,7391","5,6766","5,7447","5,6697","0,87%"
29.05.1998,"5,6866","5,7295","5,7561","5,6586","-0,91%"
01.06.1998,"5,7683","5,6775","5,7782","5,6753","1,44%"
02.06.1998,"5,6861","5,7651","5,7761","5,6717","-1,43%"
03.06.1998,"5,6922","5,6741","5,7063","5,6347","0,11%"
04.06.1998,"5,6922","5,6763","5,7187","5,6737","0,00%"
05.06.1998,"5,7052","5,6941","5,7346","5,6758","0,23%"
08.06.1998,"5,7119","5,6917","5,7318","5,6788","0,12%"
09.06.1998,"5,7241","5,7088","5,7386","5,6890","0,21%"
10.06.1998,"5,7370","5,7209","5,7607","5,6896","0,23%"
11.06.1998,"5,7383","5,7317","5,7702","5,6877","0,02%"
12.06.1998,"5,8267","5,7248","5,8447","5,7005","1,54%"
15.06.1998,"5,8794","5,8081","5,8916","5,7839","0,90%"
16.06.1998,"5,8847","5,8654","5,9186","5,8261","0,09%"
17.06.1998,"5,8783","5,8873","5,9283","5,8300","-0,11%"
18.06.1998,"5,9710","5,8596","5,9939","5,8276","1,58%"
19.06.1998,"6,0398","5,9737","6,1023","5,9574","1,15%"
22.06.1998,"6,0849","6,0240","6,1181","6,0136","0,75%"
23.06.1998,"6,0137","6,0775","6,0991","5,9907","-1,17%"
24.06.1998,"5,9840","6,0017","6,0747","5,9445","-0,49%"
25.06.1998,"6,2075","5,9895","6,2174","5,9680","3,73%"
26.06.1998,"6,4284","6,2132","6,5202","6,1546","3,56%"
29.06.1998,"6,4339","6,3970","6,7389","6,3481","0,09%"
30.06.1998,"6,5389","6,3956","6,6014","6,3150","1,63%"
01.07.1998,"6,5588","6,5417","6,8037","6,5031","0,30%"
02.07.1998,"6,9024","6,5509","6,9152","6,5165","5,24%"
03.07.1998,"6,9197","6,8973","7,0170","6,8056","0,25%"
06.07.1998,"7,0598","6,9331","7,3656","6,9331","2,02%"
07.07.1998,"6,7289","7,0537","7,0622","6,6320","-4,69%"
08.07.1998,"6,6592","6,6986","6,8039","6,5661","-1,04%"
09.07.1998,"6,8032","6,6416","6,8226","6,5991","2,16%"
10.07.1998,"6,9302","6,7590","7,0067","6,7375","1,87%"
13.07.1998,"6,7487","6,9178","7,0518","6,6381","-2,62%"
14.07.1998,"6,5839","6,7197","6,8058","6,5219","-2,44%"
15.07.1998,"6,7079","6,5517","6,7478","6,4793","1,88%"
16.07.1998,"6,8553","6,7021","6,8664","6,6490","2,20%"
17.07.1998,"6,9820","6,8338","7,1132","6,7754","1,85%"
20.07.1998,"6,8800","7,0288","7,1731","6,8615","-1,46%"
21.07.1998,"7,0042","6,8578","7,0231","6,8320","1,81%"
22.07.1998,"6,8745","7,0195","7,1072","6,8200","-1,85%"
23.07.1998,"6,8914","6,8594","6,9280","6,7516","0,25%"
24.07.1998,"6,8240","6,8663","6,9393","6,7736","-0,98%"
27.07.1998,"6,9137","6,8204","6,9891","6,8093","1,31%"
28.07.1998,"6,9702","6,9019","7,0038","6,8826","0,82%"
29.07.1998,"6,8752","6,9390","6,9941","6,8061","-1,36%"
30.07.1998,"6,7872","6,8654","6,8987","6,7527","-1,28%"
31.07.1998,"6,7957","6,7835","6,8333","6,7306","0,13%"
03.08.1998,"6,8169","6,7790","6,8499","6,7306","0,31%"
04.08.1998,"6,8693","6,8178","6,9138","6,7614","0,77%"
05.08.1998,"6,8462","6,8468","6,8919","6,7985","-0,34%"
06.08.1998,"6,9000","6,8376","6,9736","6,7861","0,79%"
07.08.1998,"6,9743","6,8851","7,0358","6,8684","1,08%"
10.08.1998,"6,9638","6,9444","6,9797","6,8437","-0,15%"
11.08.1998,"7,0250","6,9589","7,0925","6,9307","0,88%"
12.08.1998,"7,0844","7,0158","7,1066","6,8967","0,85%"
13.08.1998,"6,9455","7,0102","7,1157","6,9158","-1,96%"
14.08.1998,"6,8955","6,9413","6,9576","6,8686","-0,72%"
17.08.1998,"6,9022","6,9177","6,9857","6,8391","0,10%"
18.08.1998,"6,8510","6,8716","6,9154","6,7897","-0,74%"
19.08.1998,"6,9336","6,8369","6,9660","6,7761","1,21%"
20.08.1998,"6,9694","6,9337","7,0280","6,8860","0,52%"
21.08.1998,"6,9916","6,9634","7,0139","6,8950","0,32%"
24.08.1998,"6,9066","6,9685","7,0392","6,8859","-1,22%"
25.08.1998,"6,8939","6,9093","6,9477","6,7881","-0,18%"
26.08.1998,"6,9878","6,8870","6,9968","6,8453","1,36%"
27.08.1998,"7,3050","6,9794","7,3726","6,9467","4,54%"
28.08.1998,"7,2753","7,2797","7,5287","7,1209","-0,41%"
31.08.1998,"7,3687","7,2475","7,3687","7,1454","1,28%"
01.09.1998,"7,0443","7,3487","7,3655","6,9825","-4,40%"
02.09.1998,"7,0375","7,0100","7,0832","6,9218","-0,10%"
03.09.1998,"7,0946","7,0243","7,1348","6,9865","0,81%"
04.09.1998,"7,0676","7,1047","7,1498","6,9628","-0,38%"
07.09.1998,"7,0237","7,0589","7,1155","6,9593","-0,62%"
08.09.1998,"7,0723","6,9595","7,1473","6,9357","0,69%"
09.09.1998,"7,1360","7,0351","7,1568","7,0351","0,90%"
10.09.1998,"7,3590","7,1424","7,3590","7,1185","3,13%"
11.09.1998,"7,2708","7,3471","7,4206","7,2396","-1,20%"
14.09.1998,"7,2251","7,2431","7,2885","7,1574","-0,63%"
15.09.1998,"7,1545","7,1930","7,2469","7,1106","-0,98%"
16.09.1998,"7,0815","7,1537","7,1972","7,0169","-1,02%"
17.09.1998,"7,1225","7,0726","7,2497","7,0580","0,58%"
18.09.1998,"7,1322","7,0931","7,1986","7,0526","0,14%"
21.09.1998,"7,1169","7,1065","7,2169","7,0680","-0,21%"
22.09.1998,"6,9431","7,0980","7,1562","6,8702","-2,44%"
23.09.1998,"6,8883","6,9285","6,9780","6,7762","-0,79%"
24.09.1998,"6,8086","6,8913","6,9148","6,7098","-1,16%"
25.09.1998,"6,8257","6,7823","6,9376","6,7505","0,25%"
28.09.1998,"6,8491","6,8357","6,9001","6,7482","0,34%"
29.09.1998,"6,8672","6,8344","6,8919","6,7810","0,26%"
30.09.1998,"7,0181","6,8584","7,0181","6,8338","2,20%"
01.10.1998,"7,3056","6,9974","7,3169","6,9832","4,10%"
02.10.1998,"7,2519","7,3060","7,4390","7,1921","-0,74%"
05.10.1998,"7,3102","7,2661","7,3463","7,2168","0,80%"
06.10.1998,"7,2340","7,2890","7,3344","7,1754","-1,04%"
07.10.1998,"6,9896","7,2250","7,2830","6,9641","-3,38%"
08.10.1998,"7,0899","6,9563","7,1587","6,9563","1,43%"
09.10.1998,"6,9904","7,0747","7,1140","6,9362","-1,40%"
12.10.1998,"6,9305","6,9811","7,0328","6,8745","-0,86%"
13.10.1998,"6,9521","6,9851","7,0090","6,9000","0,31%"
14.10.1998,"6,8155","6,9471","7,0145","6,7542","-1,96%"
15.10.1998,"6,7378","6,7826","6,9185","6,7169","-1,14%"
16.10.1998,"6,9230","6,7169","6,9758","6,7169","2,75%"
19.10.1998,"6,7965","6,8891","6,9560","6,7877","-1,83%"
20.10.1998,"6,8591","6,7998","6,9052","6,7782","0,92%"
21.10.1998,"6,8286","6,8443","6,9774","6,7480","-0,44%"
22.10.1998,"6,8583","6,8317","6,8789","6,7694","0,43%"
23.10.1998,"6,8966","6,8549","6,9269","6,8320","0,56%"
26.10.1998,"6,8278","6,8783","6,9430","6,7571","-1,00%"
27.10.1998,"6,8302","6,7837","6,8766","6,7427","0,04%"
28.10.1998,"6,8152","6,8314","6,8985","6,8017","-0,22%"
29.10.1998,"6,8096","6,7956","6,8411","6,7696","-0,08%"
30.10.1998,"6,6448","6,7903","6,8298","6,6193","-2,42%"
02.11.1998,"6,6947","6,6651","6,7216","6,6095","0,75%"
03.11.1998,"6,6463","6,6800","6,7214","6,5927","-0,72%"
04.11.1998,"6,5723","6,6399","6,6552","6,5242","-1,11%"
05.11.1998,"6,5942","6,5630","6,6353","6,5391","0,33%"
06.11.1998,"6,4600","6,5815","6,6134","6,4217","-2,04%"
09.11.1998,"6,4832","6,4187","6,5168","6,4143","0,36%"
10.11.1998,"6,6166","6,4882","6,6166","6,4596","2,06%"
11.11.1998,"6,6967","6,6043","6,7243","6,5752","1,21%"
12.11.1998,"6,6772","6,6938","6,7522","6,6453","-0,29%"
13.11.1998,"6,6609","6,6654","6,7112","6,6173","-0,24%"
16.11.1998,"6,6909","6,6778","6,7345","6,6424","0,45%"
17.11.1998,"6,7169","6,6711","6,7363","6,6526","0,39%"
18.11.1998,"6,6581","6,7057","6,7283","6,6509","-0,88%"
19.11.1998,"6,5816","6,6579","6,6980","6,5595","-1,15%"
20.11.1998,"6,5142","6,5733","6,6012","6,5034","-1,02%"
23.11.1998,"6,5546","6,5028","6,5610","6,4782","0,62%"
24.11.1998,"6,5770","6,5409","6,5826","6,5232","0,34%"
25.11.1998,"6,5656","6,5678","6,6006","6,5186","-0,17%"
26.11.1998,"6,5757","6,5627","6,5861","6,5318","0,15%"
27.11.1998,"6,5481","6,5794","6,6285","6,5236","-0,42%"
30.11.1998,"6,6074","6,5521","6,6119","6,5373","0,91%"
01.12.1998,"6,5908","6,6010","6,6234","6,5387","-0,25%"
02.12.1998,"6,6631","6,5834","6,6690","6,5460","1,10%"
03.12.1998,"6,7062","6,6561","6,7450","6,6375","0,65%"
04.12.1998,"6,8831","6,7091","6,9119","6,6958","2,64%"
07.12.1998,"6,9093","6,8949","6,9591","6,8504","0,38%"
08.12.1998,"7,0946","6,8993","7,1006","6,8620","2,68%"
09.12.1998,"7,0477","7,0831","7,1472","6,9994","-0,66%"
10.12.1998,"7,0864","7,0541","7,0899","6,9944","0,55%"
11.12.1998,"7,1138","7,0668","7,1217","7,0169","0,39%"
14.12.1998,"7,1928","7,1055","7,1964","7,0930","1,11%"
15.12.1998,"7,1347","7,1948","7,2397","7,1127","-0,81%"
16.12.1998,"7,0816","7,1306","7,1725","7,0438","-0,74%"
17.12.1998,"6,9252","7,0845","7,0990","6,8405","-2,21%"
18.12.1998,"6,9665","6,9266","7,0450","6,9107","0,60%"
21.12.1998,"6,9502","6,9679","7,0104","6,9019","-0,23%"
22.12.1998,"6,9581","6,9419","6,9634","6,9008","0,11%"
23.12.1998,"6,9421","6,9395","6,9621","6,8931","-0,23%"
24.12.1998,"6,9049","6,9265","6,9467","6,8818","-0,54%"
25.12.1998,"6,9046","6,8976","6,9046","6,8976","-0,00%"
28.12.1998,"6,8890","6,8976","6,9123","6,8445","-0,23%"
29.12.1998,"6,9005","6,8995","6,9198","6,8221","0,17%"
30.12.1998,"6,8567","6,8732","6,9389","6,8474","-0,63%"
31.12.1998,"6,9051","6,8462","6,9199","6,8152","0,71%"
04.01.1999,"6,9339","6,9219","6,9970","6,8918","0,42%"
04.01.1999,"6,9339","6,9219","6,9970","6,8918","0,42%"
05.01.1999,"6,7848","6,9294","6,9791","6,7381","-2,15%"
05.01.1999,"6,7848","6,9294","6,9791","6,7381","-2,15%"
06.01.1999,"6,6045","6,7808","6,8416","6,5638","-2,66%"
06.01.1999,"6,6045","6,7808","6,8416","6,5638","-2,66%"
07.01.1999,"6,7590","6,6030","6,8866","6,6030","2,34%"
07.01.1999,"6,7590","6,6030","6,8866","6,6030","2,34%"
08.01.1999,"6,7572","6,7953","6,8429","6,6909","-0,03%"
08.01.1999,"6,7572","6,7953","6,8429","6,6909","-0,03%"
11.01.1999,"6,8698","6,7424","6,9474","6,7158","1,67%"
11.01.1999,"6,8698","6,7424","6,9474","6,7158","1,67%"
12.01.1999,"7,0026","6,8632","7,0077","6,8203","1,93%"
12.01.1999,"7,0026","6,8632","7,0077","6,8203","1,93%"
13.01.1999,"7,1789","7,0015","7,3528","6,9969","2,52%"
13.01.1999,"7,1789","7,0015","7,3528","6,9969","2,52%"
14.01.1999,"7,3914","7,1770","7,4161","7,0686","2,96%"
14.01.1999,"7,3914","7,1770","7,4161","7,0686","2,96%"
15.01.1999,"6,8822","7,3748","7,4046","6,8494","-6,89%"
15.01.1999,"6,8822","7,3748","7,4046","6,8494","-6,89%"
18.01.1999,"6,9821","6,8696","6,9821","6,8637","1,45%"
18.01.1999,"6,9821","6,8696","6,9821","6,8637","1,45%"
19.01.1999,"7,0040","6,9636","7,0808","6,9244","0,31%"
19.01.1999,"7,0040","6,9636","7,0808","6,9244","0,31%"
20.01.1999,"6,9632","7,0078","7,0142","6,8991","-0,58%"
20.01.1999,"6,9632","7,0078","7,0142","6,8991","-0,58%"
21.01.1999,"7,0531","6,9556","7,0821","6,9355","1,29%"
21.01.1999,"7,0531","6,9556","7,0821","6,9355","1,29%"
22.01.1999,"6,9932","7,0400","7,1197","6,9444","-0,85%"
22.01.1999,"6,9932","7,0400","7,1197","6,9444","-0,85%"
25.01.1999,"6,9792","6,9943","7,0866","6,9680","-0,20%"
25.01.1999,"6,9792","6,9943","7,0866","6,9680","-0,20%"
26.01.1999,"6,9554","6,9704","7,0556","6,9199","-0,34%"
26.01.1999,"6,9554","6,9704","7,0556","6,9199","-0,34%"
27.01.1999,"6,9062","6,9424","6,9592","6,8606","-0,71%"
27.01.1999,"6,9062","6,9424","6,9592","6,8606","-0,71%"
28.01.1999,"6,8863","6,8983","6,9550","6,8592","-0,29%"
28.01.1999,"6,8863","6,8983","6,9550","6,8592","-0,29%"
29.01.1999,"6,8901","6,8793","6,9121","6,8381","0,06%"
29.01.1999,"6,8901","6,8793","6,9121","6,8381","0,06%"
01.02.1999,"6,8161","6,9062","6,9146","6,7982","-1,07%"
01.02.1999,"6,8161","6,9062","6,9146","6,7982","-1,07%"
02.02.1999,"6,8245","6,8113","6,8426","6,7619","0,12%"
02.02.1999,"6,8245","6,8113","6,8426","6,7619","0,12%"
03.02.1999,"6,7941","6,8070","6,8339","6,7746","-0,45%"
03.02.1999,"6,7941","6,8070","6,8339","6,7746","-0,45%"
04.02.1999,"6,8469","6,7904","6,8553","6,7610","0,78%"
04.02.1999,"6,8469","6,7904","6,8553","6,7610","0,78%"
05.02.1999,"6,6849","6,8431","6,8764","6,6490","-2,37%"
05.02.1999,"6,6849","6,8431","6,8764","6,6490","-2,37%"
08.02.1999,"6,7941","6,6615","6,8068","6,6585","1,63%"
08.02.1999,"6,7941","6,6615","6,8068","6,6585","1,63%"
09.02.1999,"6,8800","6,7863","6,9171","6,7680","1,26%"
09.02.1999,"6,8800","6,7863","6,9171","6,7680","1,26%"
10.02.1999,"6,9059","6,8805","6,9599","6,8720","0,38%"
10.02.1999,"6,9059","6,8805","6,9599","6,8720","0,38%"
11.02.1999,"6,8178","6,8944","6,9043","6,8109","-1,28%"
11.02.1999,"6,8178","6,8944","6,9043","6,8109","-1,28%"
12.02.1999,"6,8888","6,8188","6,8962","6,7935","1,04%"
12.02.1999,"6,8888","6,8188","6,8962","6,7935","1,04%"
15.02.1999,"6,8635","6,8793","6,9111","6,8405","-0,37%"
15.02.1999,"6,8635","6,8793","6,9111","6,8405","-0,37%"
16.02.1999,"6,8765","6,8566","6,9193","6,8346","0,19%"
16.02.1999,"6,8765","6,8566","6,9193","6,8346","0,19%"
17.02.1999,"6,9299","6,8793","6,9489","6,8449","0,78%"
17.02.1999,"6,9299","6,8793","6,9489","6,8449","0,78%"
18.02.1999,"6,9166","6,9326","6,9776","6,8942","-0,19%"
18.02.1999,"6,9166","6,9326","6,9776","6,8942","-0,19%"
19.02.1999,"6,9412","6,9085","6,9757","6,8869","0,36%"
19.02.1999,"6,9412","6,9085","6,9757","6,8869","0,36%"
22.02.1999,"6,8466","6,9298","6,9391","6,8153","-1,36%"
22.02.1999,"6,8466","6,9298","6,9391","6,8153","-1,36%"
23.02.1999,"6,8464","6,8336","6,8726","6,7782","-0,00%"
23.02.1999,"6,8464","6,8336","6,8726","6,7782","-0,00%"
24.02.1999,"6,8204","6,8321","6,8640","6,7606","-0,38%"
24.02.1999,"6,8204","6,8321","6,8640","6,7606","-0,38%"
25.02.1999,"6,8184","6,8063","6,8657","6,7767","-0,03%"
25.02.1999,"6,8184","6,8063","6,8657","6,7767","-0,03%"
26.02.1999,"6,8247","6,8079","6,8296","6,7562","0,09%"
26.02.1999,"6,8247","6,8079","6,8296","6,7562","0,09%"
01.03.1999,"6,7899","6,7869","6,8596","6,7356","-0,51%"
01.03.1999,"6,7899","6,7869","6,8596","6,7356","-0,51%"
02.03.1999,"6,8182","6,7863","6,8423","6,7493","0,42%"
02.03.1999,"6,8182","6,7863","6,8423","6,7493","0,42%"
03.03.1999,"6,7907","6,8180","6,8269","6,7670","-0,40%"
03.03.1999,"6,7907","6,8180","6,8269","6,7670","-0,40%"
04.03.1999,"6,7286","6,7757","6,7962","6,7176","-0,91%"
04.03.1999,"6,7286","6,7757","6,7962","6,7176","-0,91%"
05.03.1999,"6,7218","6,7257","6,7424","6,6782","-0,10%"
05.03.1999,"6,7218","6,7257","6,7424","6,6782","-0,10%"
08.03.1999,"6,7160","6,7078","6,7691","6,6814","-0,09%"
08.03.1999,"6,7160","6,7078","6,7691","6,6814","-0,09%"
09.03.1999,"6,7135","6,7160","6,7472","6,6451","-0,04%"
09.03.1999,"6,7135","6,7160","6,7472","6,6451","-0,04%"
10.03.1999,"6,7260","6,6997","6,7651","6,6929","0,19%"
10.03.1999,"6,7260","6,6997","6,7651","6,6929","0,19%"
11.03.1999,"6,7699","6,7165","6,7863","6,6383","0,65%"
11.03.1999,"6,7699","6,7165","6,7863","6,6383","0,65%"
12.03.1999,"6,7660","6,7727","6,8058","6,6933","-0,06%"
12.03.1999,"6,7660","6,7727","6,8058","6,6933","-0,06%"
15.03.1999,"6,8026","6,7476","6,8232","6,7434","0,54%"
15.03.1999,"6,8026","6,7476","6,8232","6,7434","0,54%"
16.03.1999,"6,8883","6,7830","6,8933","6,7075","1,26%"
16.03.1999,"6,8883","6,7830","6,8933","6,7075","1,26%"
17.03.1999,"6,8346","6,8884","6,9186","6,8033","-0,78%"
17.03.1999,"6,8346","6,8884","6,9186","6,8033","-0,78%"
18.03.1999,"6,8453","6,8196","6,9009","6,8196","0,16%"
18.03.1999,"6,8453","6,8196","6,9009","6,8196","0,16%"
19.03.1999,"6,7525","6,8396","6,8597","6,7184","-1,36%"
19.03.1999,"6,7525","6,8396","6,8597","6,7184","-1,36%"
22.03.1999,"6,7466","6,7405","6,7565","6,6879","-0,09%"
22.03.1999,"6,7466","6,7405","6,7565","6,6879","-0,09%"
23.03.1999,"6,8055","6,7411","6,8237","6,7208","0,87%"
23.03.1999,"6,8055","6,7411","6,8237","6,7208","0,87%"
24.03.1999,"6,7593","6,7895","6,8224","6,7425","-0,68%"
24.03.1999,"6,7593","6,7895","6,8224","6,7425","-0,68%"
25.03.1999,"6,7336","6,7394","6,7806","6,7118","-0,38%"
25.03.1999,"6,7336","6,7394","6,7806","6,7118","-0,38%"
26.03.1999,"6,7283","6,7298","6,7462","6,6656","-0,08%"
26.03.1999,"6,7283","6,7298","6,7462","6,6656","-0,08%"
29.03.1999,"6,6852","6,7030","6,7282","6,6517","-0,64%"
29.03.1999,"6,6852","6,7030","6,7282","6,6517","-0,64%"
30.03.1999,"6,6429","6,6769","6,7093","6,6184","-0,63%"
30.03.1999,"6,6429","6,6769","6,7093","6,6184","-0,63%"
31.03.1999,"6,6292","6,6326","6,6827","6,6084","-0,21%"
31.03.1999,"6,6292","6,6326","6,6827","6,6084","-0,21%"
01.04.1999,"6,6610","6,6285","6,6774","6,6082","0,48%"
01.04.1999,"6,6610","6,6285","6,6774","6,6082","0,48%"
02.04.1999,"6,6602","6,6490","6,6688","6,6246","-0,01%"
02.04.1999,"6,6602","6,6490","6,6688","6,6246","-0,01%"
05.04.1999,"6,6174","6,6490","6,6565","6,5868","-0,64%"
05.04.1999,"6,6174","6,6490","6,6565","6,5868","-0,64%"
06.04.1999,"6,6841","6,6081","6,6993","6,6023","1,01%"
06.04.1999,"6,6841","6,6081","6,6993","6,6023","1,01%"
07.04.1999,"6,6716","6,6864","6,6997","6,6423","-0,19%"
07.04.1999,"6,6716","6,6864","6,6997","6,6423","-0,19%"
08.04.1999,"6,6904","6,6645","6,7653","6,6607","0,28%"
08.04.1999,"6,6904","6,6645","6,7653","6,6607","0,28%"
09.04.1999,"6,6772","6,6718","6,6994","6,6401","-0,20%"
09.04.1999,"6,6772","6,6718","6,6994","6,6401","-0,20%"
12.04.1999,"6,6577","6,6735","6,7108","6,6490","-0,29%"
12.04.1999,"6,6577","6,6735","6,7108","6,6490","-0,29%"
13.04.1999,"6,5803","6,6559","6,6732","6,5544","-1,16%"
13.04.1999,"6,5803","6,6559","6,6732","6,5544","-1,16%"
14.04.1999,"6,5679","6,5758","6,5998","6,5286","-0,19%"
14.04.1999,"6,5679","6,5758","6,5998","6,5286","-0,19%"
15.04.1999,"6,5207","6,5659","6,5785","6,5100","-0,72%"
15.04.1999,"6,5207","6,5659","6,5785","6,5100","-0,72%"
16.04.1999,"6,5126","6,5116","6,5617","6,4646","-0,12%"
16.04.1999,"6,5126","6,5116","6,5617","6,4646","-0,12%"
19.04.1999,"6,4472","6,4779","6,5212","6,4028","-1,00%"
19.04.1999,"6,4472","6,4779","6,5212","6,4028","-1,00%"
20.04.1999,"6,4549","6,4357","6,4822","6,3916","0,12%"
20.04.1999,"6,4549","6,4357","6,4822","6,3916","0,12%"
21.04.1999,"6,4415","6,4404","6,4715","6,4147","-0,21%"
21.04.1999,"6,4415","6,4404","6,4715","6,4147","-0,21%"
22.04.1999,"6,4855","6,4357","6,4882","6,4113","0,68%"
22.04.1999,"6,4855","6,4357","6,4882","6,4113","0,68%"
23.04.1999,"6,4613","6,4769","6,5272","6,4490","-0,37%"
23.04.1999,"6,4613","6,4769","6,5272","6,4490","-0,37%"
26.04.1999,"6,4283","6,4603","6,4682","6,4137","-0,51%"
26.04.1999,"6,4283","6,4603","6,4682","6,4137","-0,51%"
27.04.1999,"6,4683","6,4198","6,4754","6,4168","0,62%"
27.04.1999,"6,4683","6,4198","6,4754","6,4168","0,62%"
28.04.1999,"6,4379","6,4585","6,4955","6,4142","-0,47%"
28.04.1999,"6,4379","6,4585","6,4955","6,4142","-0,47%"
29.04.1999,"6,4206","6,4281","6,4552","6,3950","-0,27%"
29.04.1999,"6,4206","6,4281","6,4552","6,3950","-0,27%"
30.04.1999,"6,4165","6,4178","6,4857","6,4024","-0,06%"
30.04.1999,"6,4165","6,4178","6,4857","6,4024","-0,06%"
03.05.1999,"6,4018","6,4204","6,4601","6,3783","-0,23%"
03.05.1999,"6,4018","6,4204","6,4601","6,3783","-0,23%"
04.05.1999,"6,4534","6,3965","6,4540","6,3902","0,81%"
04.05.1999,"6,4534","6,3965","6,4540","6,3902","0,81%"
05.05.1999,"6,5794","6,4512","6,5840","6,4032","1,95%"
05.05.1999,"6,5794","6,4512","6,5840","6,4032","1,95%"
06.05.1999,"6,5621","6,5689","6,5984","6,5424","-0,26%"
06.05.1999,"6,5621","6,5689","6,5984","6,5424","-0,26%"
07.05.1999,"6,5994","6,5634","6,6626","6,5476","0,57%"
07.05.1999,"6,5994","6,5634","6,6626","6,5476","0,57%"
10.05.1999,"6,6498","6,5744","6,6895","6,5609","0,76%"
10.05.1999,"6,6498","6,5744","6,6895","6,5609","0,76%"
11.05.1999,"6,6062","6,6490","6,6752","6,5833","-0,66%"
11.05.1999,"6,6062","6,6490","6,6752","6,5833","-0,66%"
12.05.1999,"6,5992","6,6033","6,6730","6,5651","-0,11%"
12.05.1999,"6,5992","6,6033","6,6730","6,5651","-0,11%"
13.05.1999,"6,6316","6,5974","6,6409","6,5800","0,49%"
13.05.1999,"6,6316","6,5974","6,6409","6,5800","0,49%"
14.05.1999,"6,6240","6,6324","6,6836","6,5879","-0,11%"
14.05.1999,"6,6240","6,6324","6,6836","6,5879","-0,11%"
17.05.1999,"6,6062","6,6273","6,6549","6,5919","-0,27%"
17.05.1999,"6,6062","6,6273","6,6549","6,5919","-0,27%"
18.05.1999,"6,5920","6,6004","6,6283","6,5510","-0,21%"
18.05.1999,"6,5920","6,6004","6,6283","6,5510","-0,21%"
19.05.1999,"6,6060","6,5872","6,6161","6,5313","0,21%"
19.05.1999,"6,6060","6,5872","6,6161","6,5313","0,21%"
20.05.1999,"6,5950","6,6123","6,6467","6,5858","-0,17%"
20.05.1999,"6,5950","6,6123","6,6467","6,5858","-0,17%"
21.05.1999,"6,5862","6,5954","6,6014","6,5279","-0,13%"
21.05.1999,"6,5862","6,5954","6,6014","6,5279","-0,13%"
24.05.1999,"6,6003","6,5492","6,6028","6,5339","0,21%"
24.05.1999,"6,6003","6,5492","6,6028","6,5339","0,21%"
25.05.1999,"6,6589","6,5938","6,6653","6,5730","0,89%"
25.05.1999,"6,6589","6,5938","6,6653","6,5730","0,89%"
26.05.1999,"6,5276","6,6556","6,6676","6,5219","-1,97%"
26.05.1999,"6,5276","6,6556","6,6676","6,5219","-1,97%"
27.05.1999,"6,5443","6,5294","6,5918","6,4797","0,26%"
27.05.1999,"6,5443","6,5294","6,5918","6,4797","0,26%"
28.05.1999,"6,5190","6,5398","6,5789","6,4730","-0,39%"
28.05.1999,"6,5190","6,5398","6,5789","6,4730","-0,39%"
31.05.1999,"6,4828","6,5344","6,5418","6,4426","-0,56%"
31.05.1999,"6,4828","6,5344","6,5418","6,4426","-0,56%"
01.06.1999,"6,4890","6,4798","6,5111","6,4310","0,10%"
01.06.1999,"6,4890","6,4798","6,5111","6,4310","0,10%"
02.06.1999,"6,4229","6,4798","6,4945","6,3926","-1,02%"
02.06.1999,"6,4229","6,4798","6,4945","6,3926","-1,02%"
03.06.1999,"6,3722","6,4149","6,4709","6,3614","-0,79%"
03.06.1999,"6,3722","6,4149","6,4709","6,3614","-0,79%"
04.06.1999,"6,3763","6,3637","6,3893","6,3203","0,06%"
04.06.1999,"6,3763","6,3637","6,3893","6,3203","0,06%"
07.06.1999,"6,2655","6,3597","6,3687","6,2462","-1,74%"
07.06.1999,"6,2655","6,3597","6,3687","6,2462","-1,74%"
08.06.1999,"6,4017","6,2553","6,4046","6,2390","2,17%"
08.06.1999,"6,4017","6,2553","6,4046","6,2390","2,17%"
09.06.1999,"6,4102","6,3958","6,4341","6,3621","0,13%"
09.06.1999,"6,4102","6,3958","6,4341","6,3621","0,13%"
10.06.1999,"6,4270","6,4064","6,4684","6,3838","0,26%"
10.06.1999,"6,4270","6,4064","6,4684","6,3838","0,26%"
11.06.1999,"6,3887","6,4216","6,4535","6,3648","-0,60%"
11.06.1999,"6,3887","6,4216","6,4535","6,3648","-0,60%"
14.06.1999,"6,3476","6,3796","6,3891","6,3229","-0,64%"
14.06.1999,"6,3476","6,3796","6,3891","6,3229","-0,64%"
15.06.1999,"6,3466","6,3399","6,3641","6,3138","-0,02%"
15.06.1999,"6,3466","6,3399","6,3641","6,3138","-0,02%"
16.06.1999,"6,2652","6,3404","6,3537","6,2498","-1,28%"
16.06.1999,"6,2652","6,3404","6,3537","6,2498","-1,28%"
17.06.1999,"6,2477","6,2580","6,2991","6,2219","-0,28%"
17.06.1999,"6,2477","6,2580","6,2991","6,2219","-0,28%"
18.06.1999,"6,2318","6,2416","6,2510","6,1479","-0,25%"
18.06.1999,"6,2318","6,2416","6,2510","6,1479","-0,25%"
21.06.1999,"6,2258","6,2212","6,2573","6,1680","-0,10%"
21.06.1999,"6,2258","6,2212","6,2573","6,1680","-0,10%"
22.06.1999,"6,1709","6,2143","6,2300","6,1404","-0,88%"
22.06.1999,"6,1709","6,2143","6,2300","6,1404","-0,88%"
23.06.1999,"6,2226","6,1640","6,2273","6,1569","0,84%"
23.06.1999,"6,2226","6,1640","6,2273","6,1569","0,84%"
24.06.1999,"6,3098","6,2153","6,3241","6,1990","1,40%"
24.06.1999,"6,3098","6,2153","6,3241","6,1990","1,40%"
25.06.1999,"6,3226","6,3068","6,3488","6,2875","0,20%"
25.06.1999,"6,3226","6,3068","6,3488","6,2875","0,20%"
28.06.1999,"6,2610","6,2990","6,3287","6,2522","-0,97%"
28.06.1999,"6,2610","6,2990","6,3287","6,2522","-0,97%"
29.06.1999,"6,2283","6,2539","6,2824","6,2105","-0,52%"
29.06.1999,"6,2283","6,2539","6,2824","6,2105","-0,52%"
30.06.1999,"6,2286","6,2290","6,2466","6,2015","0,00%"
30.06.1999,"6,2286","6,2290","6,2466","6,2015","0,00%"
01.07.1999,"6,1741","6,2258","6,2485","6,1137","-0,87%"
01.07.1999,"6,1741","6,2258","6,2485","6,1137","-0,87%"
02.07.1999,"6,1639","6,1735","6,1861","6,1412","-0,17%"
02.07.1999,"6,1639","6,1735","6,1861","6,1412","-0,17%"
05.07.1999,"6,1460","6,1598","6,1737","6,1334","-0,29%"
05.07.1999,"6,1460","6,1598","6,1737","6,1334","-0,29%"
06.07.1999,"6,2030","6,1406","6,2090","6,0899","0,93%"
06.07.1999,"6,2030","6,1406","6,2090","6,0899","0,93%"
07.07.1999,"6,1864","6,2044","6,2243","6,1488","-0,27%"
07.07.1999,"6,1864","6,2044","6,2243","6,1488","-0,27%"
08.07.1999,"6,1982","6,1648","6,2067","6,1425","0,19%"
08.07.1999,"6,1982","6,1648","6,2067","6,1425","0,19%"
09.07.1999,"6,2220","6,1947","6,2525","6,1724","0,38%"
09.07.1999,"6,2220","6,1947","6,2525","6,1724","0,38%"
12.07.1999,"6,2334","6,2120","6,2392","6,1693","0,18%"
12.07.1999,"6,2334","6,2120","6,2392","6,1693","0,18%"
13.07.1999,"6,2565","6,2318","6,3129","6,2000","0,37%"
13.07.1999,"6,2565","6,2318","6,3129","6,2000","0,37%"
14.07.1999,"6,2504","6,2546","6,2881","6,2048","-0,10%"
14.07.1999,"6,2504","6,2546","6,2881","6,2048","-0,10%"
15.07.1999,"6,2543","6,2444","6,3125","6,2377","0,06%"
15.07.1999,"6,2543","6,2444","6,3125","6,2377","0,06%"
16.07.1999,"6,2631","6,2551","6,2938","6,2413","0,14%"
16.07.1999,"6,2631","6,2551","6,2938","6,2413","0,14%"
19.07.1999,"6,3490","6,2467","6,3718","6,2086","1,37%"
19.07.1999,"6,3490","6,2467","6,3718","6,2086","1,37%"
20.07.1999,"6,3905","6,3473","6,4097","6,3148","0,65%"
20.07.1999,"6,3905","6,3473","6,4097","6,3148","0,65%"
21.07.1999,"6,4309","6,3814","6,4519","6,3645","0,63%"
21.07.1999,"6,4309","6,3814","6,4519","6,3645","0,63%"
22.07.1999,"6,4142","6,4164","6,4680","6,3670","-0,26%"
22.07.1999,"6,4142","6,4164","6,4680","6,3670","-0,26%"
23.07.1999,"6,4204","6,4095","6,4444","6,3776","0,10%"
23.07.1999,"6,4204","6,4095","6,4444","6,3776","0,10%"
26.07.1999,"6,5431","6,4184","6,5894","6,4178","1,91%"
26.07.1999,"6,5431","6,4184","6,5894","6,4178","1,91%"
27.07.1999,"6,5198","6,5276","6,5739","6,4925","-0,36%"
27.07.1999,"6,5198","6,5276","6,5739","6,4925","-0,36%"
28.07.1999,"6,5575","6,5121","6,5575","6,4888","0,58%"
28.07.1999,"6,5575","6,5121","6,5575","6,4888","0,58%"
29.07.1999,"6,6127","6,5518","6,6233","6,5285","0,84%"
29.07.1999,"6,6127","6,5518","6,6233","6,5285","0,84%"
30.07.1999,"6,6092","6,6016","6,6225","6,5585","-0,05%"
30.07.1999,"6,6092","6,6016","6,6225","6,5585","-0,05%"
02.08.1999,"6,6251","6,5789","6,6361","6,5622","0,24%"
02.08.1999,"6,6251","6,5789","6,6361","6,5622","0,24%"
03.08.1999,"6,6094","6,6169","6,6393","6,5700","-0,24%"
03.08.1999,"6,6094","6,6169","6,6393","6,5700","-0,24%"
04.08.1999,"6,6260","6,6043","6,6721","6,5975","0,25%"
04.08.1999,"6,6260","6,6043","6,6721","6,5975","0,25%"
05.08.1999,"6,6404","6,6212","6,6807","6,6094","0,22%"
05.08.1999,"6,6404","6,6212","6,6807","6,6094","0,22%"
06.08.1999,"6,6226","6,6331","6,6733","6,6026","-0,27%"
06.08.1999,"6,6226","6,6331","6,6733","6,6026","-0,27%"
09.08.1999,"6,6127","6,6125","6,6272","6,5709","-0,15%"
09.08.1999,"6,6127","6,6125","6,6272","6,5709","-0,15%"
10.08.1999,"6,5972","6,6078","6,6505","6,5739","-0,23%"
10.08.1999,"6,5972","6,6078","6,6505","6,5739","-0,23%"
11.08.1999,"6,5320","6,5889","6,6123","6,5166","-0,99%"
11.08.1999,"6,5320","6,5889","6,6123","6,5166","-0,99%"
12.08.1999,"6,5240","6,5251","6,5415","6,4904","-0,12%"
12.08.1999,"6,5240","6,5251","6,5415","6,4904","-0,12%"
13.08.1999,"6,4503","6,5167","6,5469","6,4398","-1,13%"
13.08.1999,"6,4503","6,5167","6,5469","6,4398","-1,13%"
16.08.1999,"6,4580","6,4536","6,4802","6,4334","0,12%"
16.08.1999,"6,4580","6,4536","6,4802","6,4334","0,12%"
17.08.1999,"6,4257","6,4538","6,4591","6,3989","-0,50%"
17.08.1999,"6,4257","6,4538","6,4591","6,3989","-0,50%"
18.08.1999,"6,4384","6,4241","6,4637","6,4005","0,20%"
18.08.1999,"6,4384","6,4241","6,4637","6,4005","0,20%"
19.08.1999,"6,5095","6,4361","6,5188","6,4033","1,10%"
19.08.1999,"6,5095","6,4361","6,5188","6,4033","1,10%"
20.08.1999,"6,4963","6,4998","6,5400","6,4733","-0,20%"
20.08.1999,"6,4963","6,4998","6,5400","6,4733","-0,20%"
23.08.1999,"6,3918","6,4873","6,4997","6,3535","-1,61%"
23.08.1999,"6,3918","6,4873","6,4997","6,3535","-1,61%"
24.08.1999,"6,4289","6,3913","6,4337","6,3285","0,58%"
24.08.1999,"6,4289","6,3913","6,4337","6,3285","0,58%"
25.08.1999,"6,3667","6,4216","6,4310","6,3464","-0,97%"
25.08.1999,"6,3667","6,4216","6,4310","6,3464","-0,97%"
26.08.1999,"6,3700","6,3653","6,3899","6,3343","0,05%"
26.08.1999,"6,3700","6,3653","6,3899","6,3343","0,05%"
27.08.1999,"6,3680","6,3661","6,3902","6,3458","-0,03%"
27.08.1999,"6,3680","6,3661","6,3902","6,3458","-0,03%"
30.08.1999,"6,3827","6,3684","6,3864","6,3494","0,23%"
30.08.1999,"6,3827","6,3684","6,3864","6,3494","0,23%"
31.08.1999,"6,4277","6,3862","6,4568","6,3731","0,71%"
31.08.1999,"6,4277","6,3862","6,4568","6,3731","0,71%"
01.09.1999,"6,3841","6,4229","6,4717","6,3571","-0,68%"
01.09.1999,"6,3841","6,4229","6,4717","6,3571","-0,68%"
02.09.1999,"6,4575","6,3767","6,4981","6,3571","1,15%"
02.09.1999,"6,4575","6,3767","6,4981","6,3571","1,15%"
03.09.1999,"6,3887","6,4491","6,4832","6,3546","-1,07%"
03.09.1999,"6,3887","6,4491","6,4832","6,3546","-1,07%"
06.09.1999,"6,3836","6,3609","6,4114","6,3463","-0,08%"
06.09.1999,"6,3836","6,3609","6,4114","6,3463","-0,08%"
07.09.1999,"6,4021","6,3711","6,4160","6,3372","0,29%"
07.09.1999,"6,4021","6,3711","6,4160","6,3372","0,29%"
08.09.1999,"6,4458","6,3994","6,4817","6,3918","0,68%"
08.09.1999,"6,4458","6,3994","6,4817","6,3918","0,68%"
09.09.1999,"6,4046","6,4387","6,4808","6,3899","-0,64%"
09.09.1999,"6,4046","6,4387","6,4808","6,3899","-0,64%"
10.09.1999,"6,2661","6,3954","6,4152","6,2548","-2,16%"
10.09.1999,"6,2661","6,3954","6,4152","6,2548","-2,16%"
13.09.1999,"6,3220","6,2584","6,3251","6,2363","0,89%"
13.09.1999,"6,3220","6,2584","6,3251","6,2363","0,89%"
14.09.1999,"6,2951","6,3137","6,3483","6,2606","-0,43%"
14.09.1999,"6,2951","6,3137","6,3483","6,2606","-0,43%"
15.09.1999,"6,3821","6,2887","6,3945","6,2583","1,38%"
15.09.1999,"6,3821","6,2887","6,3945","6,2583","1,38%"
16.09.1999,"6,3645","6,3757","6,4235","6,3460","-0,28%"
16.09.1999,"6,3645","6,3757","6,4235","6,3460","-0,28%"
17.09.1999,"6,3566","6,3632","6,3752","6,3248","-0,12%"
17.09.1999,"6,3566","6,3632","6,3752","6,3248","-0,12%"
20.09.1999,"6,3018","6,3432","6,3735","6,2929","-0,86%"
20.09.1999,"6,3018","6,3432","6,3735","6,2929","-0,86%"
21.09.1999,"6,3512","6,3014","6,3606","6,2941","0,78%"
21.09.1999,"6,3512","6,3014","6,3606","6,2941","0,78%"
22.09.1999,"6,3316","6,3465","6,3975","6,3082","-0,31%"
22.09.1999,"6,3316","6,3465","6,3975","6,3082","-0,31%"
23.09.1999,"6,3526","6,3233","6,3620","6,2702","0,33%"
23.09.1999,"6,3526","6,3233","6,3620","6,2702","0,33%"
24.09.1999,"6,3040","6,3495","6,3747","6,2911","-0,77%"
24.09.1999,"6,3040","6,3495","6,3747","6,2911","-0,77%"
27.09.1999,"6,2819","6,2994","6,3070","6,2248","-0,35%"
27.09.1999,"6,2819","6,2994","6,3070","6,2248","-0,35%"
28.09.1999,"6,2724","6,2748","6,3029","6,2263","-0,15%"
28.09.1999,"6,2724","6,2748","6,3029","6,2263","-0,15%"
29.09.1999,"6,3849","6,2629","6,4035","6,2478","1,79%"
29.09.1999,"6,3849","6,2629","6,4035","6,2478","1,79%"
30.09.1999,"6,4181","6,3775","6,4388","6,3642","0,52%"
30.09.1999,"6,4181","6,3775","6,4388","6,3642","0,52%"
01.10.1999,"6,4468","6,4109","6,4669","6,4025","0,45%"
01.10.1999,"6,4468","6,4109","6,4669","6,4025","0,45%"
04.10.1999,"6,4258","6,4349","6,4761","6,4004","-0,33%"
04.10.1999,"6,4258","6,4349","6,4761","6,4004","-0,33%"
05.10.1999,"6,4255","6,4183","6,4412","6,3732","-0,00%"
05.10.1999,"6,4255","6,4183","6,4412","6,3732","-0,00%"
06.10.1999,"6,4606","6,4207","6,5060","6,3974","0,55%"
06.10.1999,"6,4606","6,4207","6,5060","6,3974","0,55%"
07.10.1999,"6,4897","6,4537","6,5027","6,4447","0,45%"
07.10.1999,"6,4897","6,4537","6,5027","6,4447","0,45%"
08.10.1999,"6,4283","6,4816","6,4936","6,4035","-0,95%"
08.10.1999,"6,4283","6,4816","6,4936","6,4035","-0,95%"
11.10.1999,"6,4546","6,4187","6,4747","6,4069","0,41%"
11.10.1999,"6,4546","6,4187","6,4747","6,4069","0,41%"
12.10.1999,"6,5545","6,4477","6,5557","6,4453","1,55%"
12.10.1999,"6,5545","6,4477","6,5557","6,4453","1,55%"
13.10.1999,"6,6222","6,5476","6,6290","6,5224","1,03%"
13.10.1999,"6,6222","6,5476","6,6290","6,5224","1,03%"
14.10.1999,"6,5934","6,6145","6,6327","6,5541","-0,43%"
14.10.1999,"6,5934","6,6145","6,6327","6,5541","-0,43%"
15.10.1999,"6,6859","6,5796","6,7241","6,5701","1,40%"
15.10.1999,"6,6859","6,5796","6,7241","6,5701","1,40%"
18.10.1999,"6,6548","6,6859","6,7005","6,6405","-0,47%"
18.10.1999,"6,6548","6,6859","6,7005","6,6405","-0,47%"
19.10.1999,"6,6448","6,6525","6,6652","6,6038","-0,15%"
19.10.1999,"6,6448","6,6525","6,6652","6,6038","-0,15%"
20.10.1999,"6,5894","6,6418","6,6621","6,5634","-0,83%"
20.10.1999,"6,5894","6,6418","6,6621","6,5634","-0,83%"
21.10.1999,"6,6256","6,5917","6,6584","6,5787","0,55%"
21.10.1999,"6,6256","6,5917","6,6584","6,5787","0,55%"
22.10.1999,"6,5586","6,6210","6,6420","6,5218","-1,01%"
22.10.1999,"6,5586","6,6210","6,6420","6,5218","-1,01%"
25.10.1999,"6,5533","6,5478","6,5636","6,5215","-0,08%"
25.10.1999,"6,5533","6,5478","6,5636","6,5215","-0,08%"
26.10.1999,"6,5302","6,5491","6,5654","6,4871","-0,35%"
26.10.1999,"6,5302","6,5491","6,5654","6,4871","-0,35%"
27.10.1999,"6,4673","6,5275","6,5557","6,4461","-0,96%"
27.10.1999,"6,4673","6,5275","6,5557","6,4461","-0,96%"
28.10.1999,"6,4710","6,4699","6,4910","6,4179","0,06%"
28.10.1999,"6,4710","6,4699","6,4910","6,4179","0,06%"
29.10.1999,"6,4833","6,4658","6,4938","6,4031","0,19%"
29.10.1999,"6,4833","6,4658","6,4938","6,4031","0,19%"
01.11.1999,"6,4628","6,4765","6,5127","6,4435","-0,32%"
01.11.1999,"6,4628","6,4765","6,5127","6,4435","-0,32%"
02.11.1999,"6,4720","6,4633","6,4889","6,4421","0,14%"
02.11.1999,"6,4720","6,4633","6,4889","6,4421","0,14%"
03.11.1999,"6,4337","6,4749","6,4818","6,4226","-0,59%"
03.11.1999,"6,4337","6,4749","6,4818","6,4226","-0,59%"
04.11.1999,"6,3566","6,4329","6,4560","6,3273","-1,20%"
04.11.1999,"6,3566","6,4329","6,4560","6,3273","-1,20%"
05.11.1999,"6,3681","6,3552","6,3800","6,3213","0,18%"
05.11.1999,"6,3681","6,3552","6,3800","6,3213","0,18%"
08.11.1999,"6,3552","6,3829","6,3967","6,3232","-0,20%"
08.11.1999,"6,3552","6,3829","6,3967","6,3232","-0,20%"
09.11.1999,"6,3762","6,3498","6,3846","6,3220","0,33%"
09.11.1999,"6,3762","6,3498","6,3846","6,3220","0,33%"
10.11.1999,"6,4073","6,3724","6,4120","6,3514","0,49%"
10.11.1999,"6,4073","6,3724","6,4120","6,3514","0,49%"
11.11.1999,"6,3864","6,4074","6,4139","6,3642","-0,33%"
11.11.1999,"6,3864","6,4074","6,4139","6,3642","-0,33%"
12.11.1999,"6,3243","6,3791","6,3879","6,2945","-0,97%"
12.11.1999,"6,3243","6,3791","6,3879","6,2945","-0,97%"
15.11.1999,"6,3505","6,3210","6,3520","6,3043","0,41%"
15.11.1999,"6,3505","6,3210","6,3520","6,3043","0,41%"
16.11.1999,"6,3309","6,3457","6,3751","6,3162","-0,31%"
16.11.1999,"6,3309","6,3457","6,3751","6,3162","-0,31%"
17.11.1999,"6,4024","6,3285","6,4203","6,3230","1,13%"
17.11.1999,"6,4024","6,3285","6,4203","6,3230","1,13%"
18.11.1999,"6,3232","6,3985","6,4086","6,2925","-1,24%"
18.11.1999,"6,3232","6,3985","6,4086","6,2925","-1,24%"
19.11.1999,"6,3300","6,3221","6,3523","6,2835","0,11%"
19.11.1999,"6,3300","6,3221","6,3523","6,2835","0,11%"
22.11.1999,"6,3343","6,3216","6,3503","6,3079","0,07%"
22.11.1999,"6,3343","6,3216","6,3503","6,3079","0,07%"
23.11.1999,"6,2938","6,3299","6,3374","6,2733","-0,64%"
23.11.1999,"6,2938","6,3299","6,3374","6,2733","-0,64%"
24.11.1999,"6,2455","6,2930","6,3053","6,2213","-0,77%"
24.11.1999,"6,2455","6,2930","6,3053","6,2213","-0,77%"
25.11.1999,"6,2478","6,2344","6,2745","6,2191","0,04%"
25.11.1999,"6,2478","6,2344","6,2745","6,2191","0,04%"
26.11.1999,"6,2489","6,2346","6,2514","6,1599","0,02%"
26.11.1999,"6,2489","6,2346","6,2514","6,1599","0,02%"
29.11.1999,"6,2507","6,2360","6,2666","6,1817","0,03%"
29.11.1999,"6,2507","6,2360","6,2666","6,1817","0,03%"
30.11.1999,"6,2344","6,2457","6,2668","6,1907","-0,26%"
30.11.1999,"6,2344","6,2457","6,2668","6,1907","-0,26%"
01.12.1999,"6,2014","6,2312","6,2477","6,1693","-0,53%"
01.12.1999,"6,2014","6,2312","6,2477","6,1693","-0,53%"
02.12.1999,"6,1662","6,1998","6,2253","6,1469","-0,57%"
02.12.1999,"6,1662","6,1998","6,2253","6,1469","-0,57%"
03.12.1999,"6,1767","6,1667","6,1891","6,1418","0,17%"
03.12.1999,"6,1767","6,1667","6,1891","6,1418","0,17%"
06.12.1999,"6,2965","6,1654","6,3152","6,1439","1,94%"
06.12.1999,"6,2965","6,1654","6,3152","6,1439","1,94%"
07.12.1999,"6,3083","6,2893","6,3352","6,2643","0,19%"
07.12.1999,"6,3083","6,2893","6,3352","6,2643","0,19%"
08.12.1999,"6,3054","6,3045","6,3332","6,2839","-0,05%"
08.12.1999,"6,3054","6,3045","6,3332","6,2839","-0,05%"
09.12.1999,"6,2762","6,3055","6,3251","6,2372","-0,46%"
09.12.1999,"6,2762","6,3055","6,3251","6,2372","-0,46%"
10.12.1999,"6,1966","6,2746","6,2864","6,1845","-1,27%"
10.12.1999,"6,1966","6,2746","6,2864","6,1845","-1,27%"
13.12.1999,"6,2048","6,1919","6,2181","6,1786","0,13%"
13.12.1999,"6,2048","6,1919","6,2181","6,1786","0,13%"
14.12.1999,"6,1692","6,2038","6,2148","6,1438","-0,57%"
14.12.1999,"6,1692","6,2038","6,2148","6,1438","-0,57%"
15.12.1999,"6,2027","6,1617","6,2051","6,1305","0,54%"
15.12.1999,"6,2027","6,1617","6,2051","6,1305","0,54%"
16.12.1999,"6,2374","6,1956","6,2584","6,1844","0,56%"
16.12.1999,"6,2374","6,1956","6,2584","6,1844","0,56%"
17.12.1999,"6,1870","6,2350","6,2950","6,1682","-0,81%"
17.12.1999,"6,1870","6,2350","6,2950","6,1682","-0,81%"
20.12.1999,"6,2204","6,1860","6,2271","6,1533","0,54%"
20.12.1999,"6,2204","6,1860","6,2271","6,1533","0,54%"
21.12.1999,"6,2073","6,2170","6,2303","6,1741","-0,21%"
21.12.1999,"6,2073","6,2170","6,2303","6,1741","-0,21%"
22.12.1999,"6,2044","6,1952","6,2098","6,1739","-0,05%"
22.12.1999,"6,2044","6,1952","6,2098","6,1739","-0,05%"
23.12.1999,"6,2508","6,1991","6,2597","6,1842","0,75%"
23.12.1999,"6,2508","6,1991","6,2597","6,1842","0,75%"
24.12.1999,"6,2346","6,2412","6,2578","6,2152","-0,26%"
24.12.1999,"6,2346","6,2412","6,2578","6,2152","-0,26%"
27.12.1999,"6,2297","6,2251","6,2473","6,2148","-0,08%"
27.12.1999,"6,2297","6,2251","6,2473","6,2148","-0,08%"
28.12.1999,"6,1943","6,2256","6,2460","6,1648","-0,57%"
28.12.1999,"6,1943","6,2256","6,2460","6,1648","-0,57%"
29.12.1999,"6,1864","6,1862","6,2193","6,1730","-0,13%"
29.12.1999,"6,1864","6,1862","6,2193","6,1730","-0,13%"
30.12.1999,"6,2061","6,1768","6,2110","6,1577","0,32%"
30.12.1999,"6,2061","6,1768","6,2110","6,1577","0,32%"
31.12.1999,"6,1936","6,2041","6,2196","6,1757","-0,20%"
31.12.1999,"6,1936","6,2041","6,2196","6,1757","-0,20%"
03.01.2000,"6,2908","6,1707","6,2992","6,1469","1,57%"
04.01.2000,"6,2771","6,2720","6,3341","6,2423","-0,22%"
05.01.2000,"6,2570","6,2600","6,3348","6,2469","-0,32%"
06.01.2000,"6,2692","6,2565","6,3503","6,2339","0,19%"
07.01.2000,"6,2320","6,2692","6,2770","6,2050","-0,59%"
10.01.2000,"6,2370","6,2224","6,2462","6,1993","0,08%"
11.01.2000,"6,2969","6,2191","6,3005","6,2062","0,96%"
12.01.2000,"6,2568","6,2854","6,3231","6,2067","-0,64%"
13.01.2000,"6,2157","6,2497","6,2620","6,1999","-0,66%"
14.01.2000,"6,1530","6,2153","6,2267","6,1362","-1,01%"
17.01.2000,"6,1474","6,1459","6,1673","6,1050","-0,09%"
18.01.2000,"6,1730","6,1428","6,1778","6,1159","0,42%"
19.01.2000,"6,1905","6,1737","6,1985","6,1500","0,28%"
20.01.2000,"6,2074","6,1924","6,2257","6,1402","0,27%"
21.01.2000,"6,1947","6,2028","6,2223","6,1412","-0,20%"
24.01.2000,"6,2123","6,1435","6,2123","6,1374","0,28%"
25.01.2000,"6,1590","6,2070","6,2238","6,1450","-0,86%"
26.01.2000,"6,1727","6,1597","6,1850","6,1430","0,22%"
27.01.2000,"6,1471","6,1717","6,1845","6,0997","-0,41%"
28.01.2000,"6,1823","6,1388","6,2372","6,1140","0,57%"
31.01.2000,"6,1140","6,1888","6,2462","6,1066","-1,10%"
01.02.2000,"6,0865","6,1141","6,1537","6,0664","-0,45%"
02.02.2000,"6,1336","6,0800","6,1677","6,0627","0,77%"
03.02.2000,"6,1978","6,1244","6,2104","6,0799","1,05%"
04.02.2000,"6,1511","6,1962","6,2061","6,1247","-0,75%"
07.02.2000,"6,1680","6,1512","6,1944","6,1090","0,27%"
08.02.2000,"6,2004","6,1662","6,2585","6,1520","0,53%"
09.02.2000,"6,2920","6,1963","6,2945","6,1819","1,48%"
10.02.2000,"6,2290","6,2935","6,3221","6,2164","-1,00%"
11.02.2000,"6,2523","6,2246","6,3100","6,2092","0,37%"
14.02.2000,"6,2001","6,2420","6,3052","6,1939","-0,83%"
15.02.2000,"6,2297","6,1919","6,2636","6,1907","0,48%"
16.02.2000,"6,2405","6,2238","6,2489","6,1972","0,17%"
17.02.2000,"6,2327","6,2349","6,2903","6,2090","-0,12%"
18.02.2000,"6,2366","6,2274","6,2548","6,1956","0,06%"
21.02.2000,"6,2185","6,2171","6,2656","6,2014","-0,29%"
22.02.2000,"6,3302","6,2126","6,3672","6,2107","1,80%"
23.02.2000,"6,3440","6,3293","6,3639","6,3051","0,22%"
24.02.2000,"6,2916","6,3450","6,3680","6,2500","-0,83%"
25.02.2000,"6,1235","6,2876","6,2923","6,1140","-2,67%"
28.02.2000,"6,1898","6,1205","6,1989","5,9105","1,08%"
29.02.2000,"6,1137","6,1784","6,2618","6,0952","-1,23%"
01.03.2000,"6,1761","6,1088","6,1979","6,0938","1,02%"
02.03.2000,"6,1516","6,1735","6,2136","6,1118","-0,40%"
03.03.2000,"6,1958","6,1506","6,2607","6,1267","0,72%"
06.03.2000,"6,2361","6,1752","6,2728","6,1675","0,65%"
07.03.2000,"6,2658","6,2274","6,2899","6,1992","0,48%"
08.03.2000,"6,2153","6,2548","6,2748","6,1704","-0,81%"
09.03.2000,"6,1763","6,2116","6,2602","6,1411","-0,63%"
10.03.2000,"6,1656","6,1755","6,2094","6,1122","-0,17%"
13.03.2000,"6,2081","6,1401","6,2692","6,1337","0,69%"
14.03.2000,"6,2283","6,1947","6,2290","6,1581","0,33%"
15.03.2000,"6,2552","6,2200","6,2882","6,1938","0,43%"
16.03.2000,"6,2565","6,2452","6,2839","6,2255","0,02%"
17.03.2000,"6,2896","6,2412","6,2936","6,2189","0,53%"
20.03.2000,"6,3085","6,2848","6,3272","6,2706","0,30%"
21.03.2000,"6,2597","6,3057","6,3168","6,2433","-0,77%"
22.03.2000,"6,2049","6,2382","6,2464","6,1706","-0,88%"
23.03.2000,"6,2949","6,1986","6,3030","6,1760","1,45%"
24.03.2000,"6,3315","6,2927","6,3348","6,2669","0,58%"
27.03.2000,"6,2571","6,3264","6,3457","6,2244","-1,18%"
28.03.2000,"6,2342","6,2554","6,2754","6,2218","-0,37%"
29.03.2000,"6,1955","6,2267","6,2468","6,1831","-0,62%"
30.03.2000,"6,3339","6,1911","6,3411","6,1892","2,23%"
31.03.2000,"6,2391","6,3322","6,3497","6,2282","-1,50%"
03.04.2000,"6,2632","6,2427","6,3048","6,2031","0,39%"
04.04.2000,"6,3033","6,2513","6,4031","6,2213","0,64%"
05.04.2000,"6,3280","6,3031","6,4361","6,2812","0,39%"
06.04.2000,"6,3067","6,3157","6,3510","6,2769","-0,34%"
07.04.2000,"6,2653","6,3043","6,3132","6,2525","-0,66%"
10.04.2000,"6,3174","6,2583","6,3212","6,2331","0,83%"
11.04.2000,"6,3198","6,3146","6,3712","6,2954","0,04%"
12.04.2000,"6,3233","6,3117","6,3244","6,2557","0,06%"
13.04.2000,"6,2554","6,3178","6,3387","6,2364","-1,07%"
14.04.2000,"6,3458","6,2536","6,3471","6,2355","1,45%"
17.04.2000,"6,3006","6,3541","6,4309","6,2894","-0,71%"
18.04.2000,"6,2307","6,2981","6,3037","6,2149","-1,11%"
19.04.2000,"6,2614","6,2224","6,2879","6,2051","0,49%"
20.04.2000,"6,3050","6,2564","6,3181","6,2150","0,70%"
21.04.2000,"6,3241","6,2933","6,3313","6,2712","0,30%"
24.04.2000,"6,3114","6,3040","6,3832","6,2933","-0,20%"
25.04.2000,"6,2040","6,3081","6,3518","6,1706","-1,70%"
26.04.2000,"6,2936","6,1977","6,3020","6,1636","1,44%"
27.04.2000,"6,2275","6,2899","6,3246","6,2049","-1,05%"
28.04.2000,"6,1942","6,2249","6,2434","6,1458","-0,53%"
01.05.2000,"6,2105","6,1866","6,2170","6,1508","0,26%"
02.05.2000,"6,1620","6,1946","6,2145","6,1111","-0,78%"
03.05.2000,"6,1242","6,1571","6,1668","6,0669","-0,61%"
04.05.2000,"6,2098","6,1178","6,2165","6,0670","1,40%"
05.05.2000,"6,2350","6,2049","6,3022","6,1739","0,41%"
08.05.2000,"6,2466","6,2264","6,2977","6,1800","0,19%"
09.05.2000,"6,4345","6,2365","6,4419","6,2169","3,01%"
10.05.2000,"6,3881","6,4381","6,5341","6,3700","-0,72%"
11.05.2000,"6,3390","6,3599","6,4012","6,2652","-0,77%"
12.05.2000,"6,4347","6,3264","6,4768","6,2916","1,51%"
15.05.2000,"6,4321","6,4133","6,4612","6,3795","-0,04%"
16.05.2000,"6,3523","6,3944","6,4307","6,3394","-1,24%"
17.05.2000,"6,3559","6,3433","6,3699","6,3101","0,06%"
18.05.2000,"6,3828","6,3441","6,4329","6,3309","0,42%"
19.05.2000,"6,4325","6,3797","6,4551","6,3332","0,78%"
22.05.2000,"6,4237","6,4247","6,4692","6,3276","-0,14%"
23.05.2000,"6,4386","6,4192","6,4714","6,3639","0,23%"
24.05.2000,"6,4155","6,4297","6,5024","6,3913","-0,36%"
25.05.2000,"6,5344","6,4106","6,5446","6,4079","1,85%"
26.05.2000,"6,6280","6,5349","6,6618","6,5016","1,43%"
29.05.2000,"6,5928","6,6307","6,6447","6,5728","-0,53%"
30.05.2000,"6,5061","6,5895","6,6639","6,4951","-1,32%"
31.05.2000,"6,5348","6,4937","6,5383","6,4369","0,44%"
01.06.2000,"6,5019","6,5115","6,5575","6,4765","-0,50%"
02.06.2000,"6,5666","6,4951","6,5769","6,4635","1,00%"
05.06.2000,"6,5458","6,5565","6,5654","6,5109","-0,32%"
06.06.2000,"6,6336","6,5306","6,6686","6,5165","1,34%"
07.06.2000,"6,7192","6,6246","6,7258","6,6101","1,29%"
08.06.2000,"6,7361","6,7155","6,7787","6,6654","0,25%"
09.06.2000,"6,6823","6,7230","6,7639","6,6288","-0,80%"
12.06.2000,"6,6982","6,6710","6,7309","6,6409","0,24%"
13.06.2000,"6,7257","6,6888","6,7581","6,6783","0,41%"
14.06.2000,"6,6351","6,7160","6,7618","6,6214","-1,35%"
15.06.2000,"6,5751","6,6279","6,6738","6,5471","-0,90%"
16.06.2000,"6,5922","6,5697","6,6073","6,4917","0,26%"
19.06.2000,"6,5644","6,5747","6,6681","6,5527","-0,42%"
20.06.2000,"6,5837","6,5575","6,6254","6,5420","0,29%"
21.06.2000,"6,5352","6,5826","6,5915","6,5146","-0,74%"
22.06.2000,"6,4787","6,5347","6,5757","6,4586","-0,86%"
23.06.2000,"6,4464","6,4720","6,5107","6,4080","-0,50%"
26.06.2000,"6,4489","6,4490","6,4648","6,3771","0,04%"
27.06.2000,"6,4443","6,4452","6,4684","6,3869","-0,07%"
28.06.2000,"6,4078","6,4308","6,4556","6,3756","-0,57%"
29.06.2000,"6,4974","6,4015","6,5076","6,3978","1,40%"
30.06.2000,"6,4582","6,4831","6,5534","6,4450","-0,60%"
03.07.2000,"6,4722","6,4464","6,4913","6,4350","0,22%"
04.07.2000,"6,4573","6,4668","6,4803","6,4254","-0,23%"
05.07.2000,"6,4668","6,4505","6,4905","6,4157","0,15%"
06.07.2000,"6,5266","6,4702","6,5636","6,4532","0,92%"
07.07.2000,"6,5095","6,5211","6,5293","6,4693","-0,26%"
10.07.2000,"6,5175","6,4891","6,5383","6,4836","0,12%"
11.07.2000,"6,4763","6,5117","6,5346","6,4518","-0,63%"
12.07.2000,"6,4359","6,4668","6,4838","6,4127","-0,62%"
13.07.2000,"6,4292","6,4284","6,4547","6,3726","-0,10%"
14.07.2000,"6,4626","6,4204","6,4680","6,3748","0,52%"
17.07.2000,"6,4769","6,4628","6,4834","6,4259","0,22%"
18.07.2000,"6,4285","6,4705","6,4948","6,4160","-0,75%"
19.07.2000,"6,4500","6,4267","6,4556","6,4102","0,33%"
20.07.2000,"6,4564","6,4461","6,4682","6,3895","0,10%"
21.07.2000,"6,4779","6,4633","6,4893","6,4273","0,33%"
24.07.2000,"6,4872","6,4771","6,4932","6,4253","0,14%"
25.07.2000,"6,5286","6,4787","6,5614","6,4669","0,64%"
26.07.2000,"6,5324","6,5214","6,5687","6,5073","0,06%"
27.07.2000,"6,4650","6,5276","6,5433","6,4569","-1,03%"
28.07.2000,"6,4266","6,4600","6,4847","6,4082","-0,59%"
31.07.2000,"6,4444","6,4253","6,4704","6,4082","0,28%"
01.08.2000,"6,4173","6,4401","6,4729","6,3964","-0,42%"
02.08.2000,"6,3836","6,4138","6,4401","6,3659","-0,53%"
03.08.2000,"6,3389","6,3808","6,4121","6,2937","-0,70%"
04.08.2000,"6,3132","6,3321","6,3461","6,2937","-0,41%"
07.08.2000,"6,3233","6,3127","6,3356","6,2917","0,16%"
08.08.2000,"6,2964","6,3193","6,3423","6,2627","-0,43%"
09.08.2000,"6,3095","6,2960","6,3136","6,2532","0,21%"
10.08.2000,"6,3129","6,2980","6,3243","6,2696","0,05%"
11.08.2000,"6,2223","6,3076","6,3369","6,2160","-1,44%"
14.08.2000,"6,2653","6,2258","6,2683","6,1933","0,69%"
15.08.2000,"6,3266","6,2645","6,3415","6,2525","0,98%"
16.08.2000,"6,3646","6,3236","6,3764","6,2989","0,60%"
17.08.2000,"6,3369","6,3593","6,3688","6,3022","-0,44%"
18.08.2000,"6,2820","6,3303","6,3418","6,2706","-0,87%"
21.08.2000,"6,2851","6,2848","6,3034","6,2521","0,05%"
22.08.2000,"6,2685","6,2788","6,2995","6,2421","-0,26%"
23.08.2000,"6,2723","6,2611","6,2810","6,2108","0,06%"
24.08.2000,"6,2564","6,2824","6,3026","6,2410","-0,25%"
25.08.2000,"6,2432","6,2488","6,2815","6,2159","-0,21%"
28.08.2000,"6,2514","6,2342","6,2738","6,2259","0,13%"
29.08.2000,"6,2087","6,2418","6,2651","6,1905","-0,68%"
30.08.2000,"6,2246","6,2202","6,2337","6,1746","0,26%"
31.08.2000,"6,2010","6,2215","6,2417","6,1594","-0,38%"
01.09.2000,"6,2522","6,1955","6,2813","6,1803","0,83%"
04.09.2000,"6,2499","6,2452","6,2785","6,2339","-0,04%"
05.09.2000,"6,2449","6,2454","6,2712","6,1867","-0,08%"
06.09.2000,"6,1708","6,2426","6,2604","6,1468","-1,19%"
07.09.2000,"6,1872","6,1767","6,2300","6,1214","0,27%"
08.09.2000,"6,1489","6,1825","6,2070","6,1212","-0,62%"
11.09.2000,"6,1132","6,1286","6,1882","6,0961","-0,58%"
12.09.2000,"6,1665","6,1118","6,1905","6,0947","0,87%"
13.09.2000,"6,1179","6,1604","6,1903","6,1025","-0,79%"
14.09.2000,"6,1685","6,1160","6,2458","6,0890","0,83%"
15.09.2000,"6,1427","6,1625","6,2154","6,1288","-0,42%"
18.09.2000,"6,2224","6,1324","6,2368","6,1216","1,30%"
19.09.2000,"6,1928","6,2243","6,2602","6,1691","-0,48%"
20.09.2000,"6,2288","6,1868","6,2376","6,1424","0,58%"
21.09.2000,"6,3045","6,2260","6,3052","6,1891","1,22%"
22.09.2000,"6,3455","6,2903","6,5375","6,2564","0,65%"
25.09.2000,"6,3427","6,3610","6,3940","6,2933","-0,04%"
26.09.2000,"6,3518","6,3372","6,3675","6,3008","0,14%"
27.09.2000,"6,3973","6,3481","6,4080","6,3306","0,72%"
28.09.2000,"6,4254","6,3907","6,4415","6,3799","0,44%"
29.09.2000,"6,3950","6,4196","6,4489","6,3504","-0,47%"
02.10.2000,"6,3345","6,3913","6,3989","6,3117","-0,95%"
03.10.2000,"6,3229","6,3283","6,3592","6,2964","-0,18%"
04.10.2000,"6,3277","6,3226","6,3480","6,2993","0,08%"
05.10.2000,"6,3321","6,3197","6,3429","6,2875","0,07%"
06.10.2000,"6,3313","6,3263","6,3598","6,3081","-0,01%"
09.10.2000,"6,3737","6,3256","6,3927","6,3227","0,67%"
10.10.2000,"6,4183","6,3675","6,4264","6,3486","0,70%"
11.10.2000,"6,4066","6,4121","6,4577","6,3996","-0,18%"
12.10.2000,"6,4475","6,3967","6,4741","6,3758","0,64%"
13.10.2000,"6,3991","6,4429","6,5246","6,3698","-0,75%"
16.10.2000,"6,4367","6,3783","6,4566","6,3538","0,59%"
17.10.2000,"6,4535","6,4331","6,4715","6,3845","0,26%"
18.10.2000,"6,4683","6,4469","6,5728","6,4254","0,23%"
19.10.2000,"6,4664","6,4599","6,4907","6,4070","-0,03%"
20.10.2000,"6,3854","6,4572","6,5103","6,3619","-1,25%"
23.10.2000,"6,3454","6,3679","6,3999","6,3155","-0,63%"
24.10.2000,"6,3632","6,3356","6,3738","6,3111","0,28%"
25.10.2000,"6,3533","6,3579","6,4085","6,3083","-0,16%"
26.10.2000,"6,3684","6,3442","6,3952","6,3087","0,24%"
27.10.2000,"6,3810","6,3673","6,4398","6,3305","0,20%"
30.10.2000,"6,3609","6,3851","6,4520","6,3468","-0,31%"
31.10.2000,"6,4181","6,3635","6,4284","6,3311","0,90%"
01.11.2000,"6,4429","6,4097","6,4887","6,3777","0,39%"
02.11.2000,"6,4642","6,4411","6,4943","6,4098","0,33%"
03.11.2000,"6,5316","6,4472","6,6209","6,4382","1,04%"
06.11.2000,"6,5140","6,5168","6,5766","6,4313","-0,27%"
07.11.2000,"6,5488","6,5114","6,5727","6,4943","0,53%"
08.11.2000,"6,5877","6,5403","6,6180","6,4951","0,59%"
09.11.2000,"6,7247","6,5924","6,7368","6,5666","2,08%"
10.11.2000,"6,5393","6,7059","6,7207","6,5263","-2,76%"
13.11.2000,"6,5768","6,5461","6,6086","6,5423","0,57%"
14.11.2000,"6,5612","6,5484","6,5950","6,5334","-0,24%"
15.11.2000,"6,5888","6,5527","6,6145","6,5443","0,42%"
16.11.2000,"6,5515","6,5833","6,6095","6,5351","-0,57%"
17.11.2000,"6,5549","6,5553","6,5862","6,5069","0,05%"
20.11.2000,"6,6061","6,5502","6,6146","6,5327","0,78%"
21.11.2000,"6,5996","6,5941","6,6373","6,5789","-0,10%"
22.11.2000,"6,6029","6,5923","6,6341","6,5754","0,05%"
23.11.2000,"6,5710","6,5979","6,6121","6,5272","-0,48%"
24.11.2000,"6,5599","6,5703","6,6091","6,5448","-0,17%"
27.11.2000,"6,6250","6,5636","6,6289","6,5222","0,99%"
28.11.2000,"6,6706","6,6015","6,6811","6,5837","0,69%"
29.11.2000,"6,6793","6,6640","6,7253","6,6488","0,13%"
30.11.2000,"6,7502","6,6707","6,7760","6,6564","1,06%"
01.12.2000,"6,6998","6,7443","6,7884","6,6743","-0,75%"
04.12.2000,"6,7915","6,6876","6,8182","6,6793","1,37%"
05.12.2000,"6,7367","6,7843","6,8282","6,7170","-0,81%"
06.12.2000,"6,7431","6,7311","6,7573","6,6873","0,10%"
07.12.2000,"6,7746","6,7420","6,7991","6,7216","0,47%"
08.12.2000,"6,7873","6,7707","6,8062","6,7091","0,19%"
11.12.2000,"6,7097","6,7466","6,8059","6,6907","-1,14%"
12.12.2000,"6,8049","6,7165","6,8109","6,6981","1,42%"
13.12.2000,"6,8024","6,7947","6,8318","6,7323","-0,04%"
14.12.2000,"6,8692","6,7937","6,8754","6,7672","0,98%"
15.12.2000,"6,8833","6,8746","6,9521","6,8496","0,21%"
18.12.2000,"6,8677","6,8712","6,9182","6,8405","-0,23%"
19.12.2000,"6,9102","6,8698","6,9140","6,8303","0,62%"
20.12.2000,"6,9315","6,9049","6,9737","6,8683","0,31%"
21.12.2000,"6,9889","6,9243","7,0072","6,9075","0,83%"
22.12.2000,"6,9820","6,9854","7,0556","6,9337","-0,10%"
25.12.2000,"6,9972","6,9794","7,0176","6,9491","0,22%"
26.12.2000,"6,9969","6,9967","7,0464","6,9771","-0,00%"
27.12.2000,"7,0155","6,9873","7,0457","6,9783","0,27%"
28.12.2000,"7,0320","7,0106","7,0602","6,9846","0,24%"
29.12.2000,"7,1528","7,0224","7,1551","7,0096","1,72%"
02.01.2001,"7,1888","7,1473","7,2009","7,0949","0,50%"
03.01.2001,"7,0350","7,1865","7,2011","6,9941","-2,14%"
04.01.2001,"7,1471","7,0228","7,1724","6,9867","1,59%"
05.01.2001,"7,1969","7,1447","7,2171","7,1168","0,70%"
08.01.2001,"7,1930","7,1805","7,2265","7,1644","-0,05%"
09.01.2001,"7,3123","7,1862","7,3169","7,1609","1,66%"
10.01.2001,"7,4323","7,2932","7,5033","7,2521","1,64%"
11.01.2001,"7,4751","7,4201","7,5640","7,3735","0,58%"
12.01.2001,"7,4490","7,4621","7,5313","7,4046","-0,35%"
15.01.2001,"7,3880","7,4423","7,4824","7,3523","-0,82%"
16.01.2001,"7,3308","7,3806","7,4128","7,3132","-0,77%"
17.01.2001,"7,3285","7,3350","7,3582","7,2591","-0,03%"
18.01.2001,"7,4297","7,3242","7,4585","7,3148","1,38%"
19.01.2001,"7,3751","7,4096","7,5251","7,3523","-0,73%"
22.01.2001,"7,3942","7,3545","7,4408","7,2933","0,26%"
23.01.2001,"7,3485","7,3805","7,4477","7,3232","-0,62%"
24.01.2001,"7,2634","7,3320","7,3582","7,2468","-1,16%"
25.01.2001,"7,2816","7,2560","7,2936","7,1738","0,25%"
26.01.2001,"7,2823","7,2780","7,3802","7,2454","0,01%"
29.01.2001,"7,2209","7,2858","7,2965","7,2096","-0,84%"
30.01.2001,"7,2166","7,2214","7,2585","7,1857","-0,06%"
31.01.2001,"7,2544","7,2061","7,2691","7,1843","0,52%"
01.02.2001,"7,2553","7,2477","7,3316","7,2361","0,01%"
02.02.2001,"7,2743","7,2476","7,2928","7,2244","0,26%"
05.02.2001,"7,2874","7,2595","7,3398","7,2564","0,18%"
06.02.2001,"7,2443","7,2805","7,3039","7,2188","-0,59%"
07.02.2001,"7,3254","7,2393","7,3775","7,1865","1,12%"
08.02.2001,"7,3354","7,3212","7,4103","7,2992","0,14%"
09.02.2001,"7,2824","7,3224","7,3825","7,2456","-0,72%"
12.02.2001,"7,2855","7,2867","7,3235","7,2468","0,04%"
13.02.2001,"7,3078","7,2812","7,3109","7,2313","0,31%"
14.02.2001,"7,2412","7,2908","7,3322","7,2179","-0,91%"
15.02.2001,"7,1265","7,2331","7,2506","7,0896","-1,58%"
16.02.2001,"7,1517","7,1140","7,2403","7,1098","0,35%"
19.02.2001,"7,1477","7,1478","7,1860","7,0753","-0,06%"
20.02.2001,"7,0631","7,1372","7,1501","7,0389","-1,18%"
21.02.2001,"7,1028","7,0566","7,1501","7,0154","0,56%"
22.02.2001,"7,0987","7,0955","7,1561","7,0549","-0,06%"
23.02.2001,"7,1860","7,0815","7,2102","7,0371","1,23%"
26.02.2001,"7,1056","7,1618","7,1861","7,0555","-1,12%"
27.02.2001,"7,0774","7,0890","7,1228","7,0281","-0,40%"
28.02.2001,"7,0821","7,0763","7,1176","7,0242","0,07%"
01.03.2001,"7,1784","7,0786","7,2078","7,0641","1,36%"
02.03.2001,"7,2391","7,1719","7,2904","7,1572","0,85%"
05.03.2001,"7,2218","7,2470","7,2551","7,1703","-0,24%"
06.03.2001,"7,3569","7,2114","7,3647","7,1920","1,87%"
07.03.2001,"7,3671","7,3592","7,3767","7,2772","0,14%"
08.03.2001,"7,1982","7,3616","7,3902","7,1560","-2,29%"
09.03.2001,"7,2260","7,1925","7,2408","7,1516","0,39%"
12.03.2001,"7,2256","7,2082","7,2567","7,1564","-0,01%"
13.03.2001,"7,1518","7,2152","7,2665","7,1118","-1,02%"
14.03.2001,"7,1783","7,1500","7,2350","7,1172","0,37%"
15.03.2001,"7,0911","7,1796","7,1925","7,0239","-1,21%"
16.03.2001,"7,1131","7,0806","7,1380","7,0198","0,31%"
19.03.2001,"7,1883","7,1066","7,1987","7,0692","1,06%"
20.03.2001,"7,2641","7,1838","7,2689","7,1579","1,05%"
21.03.2001,"7,1726","7,2538","7,2882","7,1482","-1,26%"
22.03.2001,"7,1291","7,1709","7,2283","7,0767","-0,61%"
23.03.2001,"7,0832","7,1245","7,1419","7,0647","-0,64%"
26.03.2001,"7,1180","7,0856","7,1313","7,0666","0,49%"
27.03.2001,"7,1307","7,1111","7,1558","7,0955","0,18%"
28.03.2001,"7,1125","7,1352","7,1765","7,0727","-0,26%"
29.03.2001,"7,1112","7,1069","7,1428","7,0264","-0,02%"
30.03.2001,"7,0581","7,1120","7,1200","7,0028","-0,75%"
02.04.2001,"7,1602","7,0329","7,1692","7,0258","1,45%"
03.04.2001,"7,3089","7,1525","7,3252","7,1445","2,08%"
04.04.2001,"7,2899","7,2990","7,3214","7,2089","-0,26%"
05.04.2001,"7,2457","7,2793","7,3351","7,2045","-0,61%"
06.04.2001,"7,2942","7,2400","7,3243","7,2166","0,67%"
09.04.2001,"7,2314","7,2930","7,3064","7,2173","-0,86%"
10.04.2001,"7,1399","7,2213","7,2603","7,1150","-1,27%"
11.04.2001,"7,1291","7,1318","7,1651","7,0384","-0,15%"
12.04.2001,"7,1607","7,1157","7,1897","7,0355","0,44%"
13.04.2001,"7,1296","7,1587","7,1707","7,1181","-0,43%"
16.04.2001,"7,1388","7,1169","7,1445","7,0821","0,13%"
17.04.2001,"7,1894","7,1300","7,1970","7,0997","0,71%"
18.04.2001,"7,1861","7,1804","7,2162","7,0878","-0,05%"
19.04.2001,"7,3036","7,1903","7,3101","7,1646","1,64%"
20.04.2001,"7,3509","7,2914","7,3963","7,2547","0,65%"
23.04.2001,"7,3012","7,3427","7,4051","7,2707","-0,68%"
24.04.2001,"7,2349","7,2943","7,3423","7,2024","-0,91%"
25.04.2001,"7,2775","7,2365","7,3095","7,1936","0,59%"
26.04.2001,"7,2367","7,2734","7,3034","7,1984","-0,56%"
27.04.2001,"7,1197","7,2317","7,2672","7,0828","-1,62%"
30.04.2001,"7,1372","7,1053","7,1421","7,0704","0,25%"
01.05.2001,"7,1418","7,1388","7,1742","7,1024","0,06%"
02.05.2001,"7,1784","7,1405","7,1916","7,1000","0,51%"
03.05.2001,"7,1883","7,1711","7,2424","7,1425","0,14%"
04.05.2001,"7,1643","7,1803","7,2552","7,1538","-0,33%"
07.05.2001,"7,1139","7,1587","7,1790","7,1027","-0,70%"
08.05.2001,"7,0614","7,1090","7,1387","7,0479","-0,74%"
09.05.2001,"7,0300","7,0542","7,0748","6,9883","-0,44%"
10.05.2001,"7,0045","7,0276","7,0604","6,9655","-0,36%"
11.05.2001,"6,9809","7,0005","7,0121","6,9519","-0,34%"
14.05.2001,"6,9614","6,9761","7,0028","6,9451","-0,28%"
15.05.2001,"7,0106","6,9554","7,0438","6,9531","0,71%"
16.05.2001,"7,0929","7,0058","7,0945","6,9731","1,17%"
17.05.2001,"7,0159","7,0861","7,1226","6,9966","-1,09%"
18.05.2001,"6,9851","7,0131","7,0309","6,9317","-0,44%"
21.05.2001,"6,9112","6,9672","6,9887","6,8812","-1,06%"
22.05.2001,"6,8404","6,9032","6,9462","6,8191","-1,02%"
23.05.2001,"6,8095","6,8396","6,8536","6,7519","-0,45%"
24.05.2001,"6,8119","6,7962","6,8588","6,7517","0,04%"
25.05.2001,"6,7988","6,8073","6,8359","6,7496","-0,19%"
28.05.2001,"6,8025","6,7854","6,8161","6,7641","0,05%"
29.05.2001,"6,7947","6,7946","6,8126","6,7479","-0,11%"
30.05.2001,"6,8561","6,7892","6,8713","6,7665","0,90%"
31.05.2001,"6,7676","6,8411","6,8590","6,7542","-1,29%"
01.06.2001,"6,8046","6,7526","6,8234","6,7462","0,55%"
04.06.2001,"6,8181","6,7870","6,8484","6,7698","0,20%"
05.06.2001,"6,8647","6,8070","6,8671","6,7779","0,68%"
06.06.2001,"6,8468","6,8615","6,8893","6,8069","-0,26%"
07.06.2001,"6,8726","6,8329","6,9010","6,8243","0,38%"
08.06.2001,"6,8529","6,8818","6,8868","6,8103","-0,29%"
11.06.2001,"6,8299","6,8390","6,8884","6,8070","-0,34%"
12.06.2001,"6,9066","6,8282","6,9143","6,8175","1,12%"
13.06.2001,"6,9150","6,9118","6,9333","6,8681","0,12%"
14.06.2001,"6,9246","6,9038","6,9512","6,8425","0,14%"
15.06.2001,"6,8873","6,9282","6,9662","6,8697","-0,54%"
18.06.2001,"6,9219","6,8954","6,9433","6,8816","0,50%"
19.06.2001,"6,8910","6,9166","6,9245","6,8690","-0,45%"
20.06.2001,"6,9129","6,8851","6,9318","6,8670","0,32%"
21.06.2001,"6,8938","6,9156","6,9450","6,8636","-0,28%"
22.06.2001,"6,8923","6,8786","6,9061","6,8381","-0,02%"
25.06.2001,"6,8931","6,8828","6,9397","6,8772","0,01%"
26.06.2001,"6,9261","6,8901","6,9407","6,8845","0,48%"
27.06.2001,"6,8977","6,9221","6,9422","6,8792","-0,41%"
28.06.2001,"6,8014","6,8857","6,9248","6,7868","-1,40%"
29.06.2001,"6,8414","6,7976","6,8480","6,7866","0,59%"
02.07.2001,"6,7890","6,8403","6,8551","6,7568","-0,77%"
03.07.2001,"6,8047","6,7840","6,8295","6,7698","0,23%"
04.07.2001,"6,8521","6,7977","6,8659","6,7757","0,70%"
05.07.2001,"6,8366","6,8449","6,8749","6,8057","-0,23%"
06.07.2001,"6,9765","6,8271","6,9801","6,8086","2,05%"
09.07.2001,"6,9962","6,9405","6,9962","6,9237","0,28%"
10.07.2001,"7,0862","6,9722","7,0984","6,9471","1,29%"
11.07.2001,"7,0959","7,0799","7,1760","7,0531","0,14%"
12.07.2001,"7,0550","7,0804","7,0978","7,0011","-0,58%"
13.07.2001,"7,0711","7,0520","7,0792","7,0031","0,23%"
16.07.2001,"7,0517","7,0660","7,1095","7,0265","-0,27%"
17.07.2001,"7,0598","7,0425","7,0907","6,9943","0,11%"
18.07.2001,"7,2041","7,0522","7,2107","7,0304","2,04%"
19.07.2001,"7,2241","7,2018","7,2547","7,1662","0,28%"
20.07.2001,"7,1844","7,2264","7,2576","7,1707","-0,55%"
23.07.2001,"7,0989","7,1734","7,1908","7,0878","-1,19%"
24.07.2001,"7,1631","7,0942","7,1889","7,0917","0,90%"
25.07.2001,"7,2271","7,1547","7,2457","7,1422","0,89%"
26.07.2001,"7,1789","7,2202","7,2317","7,1253","-0,67%"
27.07.2001,"7,2046","7,1692","7,2238","7,1384","0,36%"
30.07.2001,"7,1763","7,1868","7,2040","7,1567","-0,39%"
31.07.2001,"7,2390","7,1675","7,2572","7,1647","0,87%"
01.08.2001,"7,2658","7,2310","7,2981","7,2248","0,37%"
02.08.2001,"7,2660","7,2602","7,2828","7,2093","0,00%"
03.08.2001,"7,3140","7,2564","7,3323","7,2338","0,66%"
06.08.2001,"7,3261","7,2936","7,3313","7,2549","0,17%"
07.08.2001,"7,2801","7,3163","7,3259","7,2396","-0,63%"
08.08.2001,"7,2928","7,2797","7,3005","7,2344","0,17%"
09.08.2001,"7,3727","7,2914","7,3894","7,2839","1,10%"
10.08.2001,"7,3452","7,3695","7,3967","7,3365","-0,37%"
13.08.2001,"7,4305","7,3421","7,4721","7,3421","1,16%"
14.08.2001,"7,4736","7,4290","7,4868","7,3879","0,58%"
15.08.2001,"7,5235","7,4620","7,5511","7,4546","0,67%"
16.08.2001,"7,5185","7,5153","7,5814","7,4865","-0,07%"
17.08.2001,"7,6206","7,5087","7,6319","7,4938","1,36%"
20.08.2001,"7,5977","7,6118","7,6693","7,5657","-0,30%"
21.08.2001,"7,7055","7,5887","7,7176","7,5468","1,42%"
22.08.2001,"7,6738","7,7031","7,8087","7,6458","-0,41%"
23.08.2001,"7,6491","7,6504","7,6842","7,5953","-0,32%"
24.08.2001,"7,6577","7,6382","7,6669","7,5883","0,11%"
27.08.2001,"7,6754","7,6335","7,6918","7,6023","0,23%"
28.08.2001,"7,6194","7,6688","7,6792","7,5503","-0,73%"
29.08.2001,"7,5832","7,6157","7,6493","7,5616","-0,48%"
30.08.2001,"7,6855","7,5742","7,7172","7,5503","1,35%"
31.08.2001,"7,6957","7,6764","7,7237","7,6308","0,13%"
03.09.2001,"7,6728","7,6696","7,6898","7,6391","-0,30%"
04.09.2001,"7,5267","7,6721","7,6804","7,4728","-1,90%"
05.09.2001,"7,5160","7,5176","7,5702","7,4877","-0,14%"
06.09.2001,"7,5902","7,5167","7,6336","7,4710","0,99%"
07.09.2001,"7,6834","7,5827","7,6882","7,4829","1,23%"
10.09.2001,"7,6483","7,6670","7,7210","7,6379","-0,46%"
11.09.2001,"7,8689","7,6447","7,8944","7,6208","2,88%"
12.09.2001,"7,8294","7,8363","7,8651","7,7212","-0,50%"
13.09.2001,"7,8567","7,8236","7,8876","7,7871","0,35%"
14.09.2001,"7,9098","7,8469","7,9844","7,8228","0,68%"
17.09.2001,"7,9744","7,9501","8,0506","7,9208","0,82%"
18.09.2001,"8,0364","7,9709","8,0559","7,9221","0,78%"
19.09.2001,"8,0132","8,0253","8,0654","7,9705","-0,29%"
20.09.2001,"8,0699","8,0017","8,0771","7,9870","0,71%"
21.09.2001,"8,0271","8,0637","8,0893","7,9633","-0,53%"
24.09.2001,"8,0160","7,9918","8,0366","7,9409","-0,14%"
25.09.2001,"8,0926","8,0079","8,1084","7,9716","0,96%"
26.09.2001,"8,1893","8,0892","8,2035","8,0814","1,19%"
27.09.2001,"8,2538","8,1798","8,3034","8,1307","0,79%"
28.09.2001,"8,2346","8,2433","8,2721","8,1538","-0,23%"
01.10.2001,"8,3323","8,2083","8,3332","8,1694","1,19%"
02.10.2001,"8,4240","8,3163","8,4599","8,2991","1,10%"
03.10.2001,"8,5634","8,4107","8,6135","8,3979","1,65%"
04.10.2001,"8,4846","8,5537","8,5816","8,4610","-0,92%"
05.10.2001,"8,4598","8,4768","8,5898","8,4492","-0,29%"
08.10.2001,"8,5519","8,4511","8,6426","8,4511","1,09%"
09.10.2001,"8,4644","8,5413","8,6033","8,4425","-1,02%"
10.10.2001,"8,3675","8,4562","8,5056","8,3429","-1,14%"
11.10.2001,"8,2552","8,3584","8,3853","8,2254","-1,34%"
12.10.2001,"8,3033","8,2511","8,3436","8,2244","0,58%"
15.10.2001,"8,2051","8,2947","8,3096","8,1358","-1,18%"
16.10.2001,"8,4094","8,1901","8,4725","8,1481","2,49%"
17.10.2001,"8,3651","8,4063","8,4694","8,3229","-0,53%"
18.10.2001,"8,2851","8,3518","8,4108","8,2741","-0,96%"
19.10.2001,"8,3504","8,2832","8,3614","8,2328","0,79%"
22.10.2001,"8,4737","8,3164","8,5405","8,3098","1,48%"
23.10.2001,"8,4060","8,4570","8,5362","8,3904","-0,80%"
24.10.2001,"8,3787","8,4010","8,4705","8,3327","-0,32%"
25.10.2001,"8,3571","8,3740","8,4497","8,3144","-0,26%"
26.10.2001,"8,3658","8,3532","8,4320","8,3260","0,10%"
29.10.2001,"8,4268","8,3552","8,4390","8,3167","0,73%"
30.10.2001,"8,5214","8,4319","8,5390","8,4225","1,12%"
31.10.2001,"8,4977","8,5137","8,5855","8,4572","-0,28%"
01.11.2001,"8,6136","8,5028","8,6765","8,4600","1,36%"
02.11.2001,"8,5999","8,5852","8,7029","8,5736","-0,16%"
05.11.2001,"8,5206","8,5887","8,6791","8,4733","-0,92%"
06.11.2001,"8,4717","8,5154","8,5496","8,4450","-0,57%"
07.11.2001,"8,5825","8,4610","8,6098","8,4480","1,31%"
08.11.2001,"8,5366","8,5642","8,5904","8,4695","-0,53%"
09.11.2001,"8,6122","8,5291","8,6273","8,4893","0,89%"
12.11.2001,"8,6764","8,6115","8,7648","8,5885","0,75%"
13.11.2001,"8,5428","8,6765","8,6834","8,5073","-1,54%"
14.11.2001,"8,5320","8,5436","8,5976","8,5069","-0,13%"
15.11.2001,"8,4322","8,5357","8,5610","8,3959","-1,17%"
16.11.2001,"8,4645","8,4236","8,5011","8,3654","0,38%"
19.11.2001,"8,5337","8,4519","8,5537","8,4210","0,82%"
20.11.2001,"8,6085","8,5300","8,6457","8,5195","0,88%"
21.11.2001,"8,7119","8,6046","8,7203","8,5597","1,20%"
22.11.2001,"8,7548","8,7025","8,7760","8,6704","0,49%"
23.11.2001,"8,7403","8,7529","8,7692","8,6916","-0,17%"
26.11.2001,"8,6949","8,7220","8,7747","8,6743","-0,52%"
27.11.2001,"8,7983","8,6855","8,8122","8,6582","1,19%"
28.11.2001,"8,7575","8,7963","8,8319","8,7089","-0,46%"
29.11.2001,"9,1287","8,7463","9,1883","8,6788","4,24%"
30.11.2001,"9,1987","9,1162","9,2748","9,0280","0,77%"
03.12.2001,"9,2726","9,1844","9,3448","9,1683","0,80%"
04.12.2001,"9,4178","9,2685","9,4747","9,1591","1,57%"
05.12.2001,"9,9273","9,4084","9,9446","9,4052","5,41%"
06.12.2001,"9,7752","9,9663","9,9928","9,6309","-1,53%"
07.12.2001,"9,8451","9,7433","9,9629","9,6482","0,72%"
10.12.2001,"9,7370","9,6543","10,0098","9,6381","-1,10%"
11.12.2001,"9,9285","9,7175","9,9474","9,7099","1,97%"
12.12.2001,"9,9942","9,9101","10,0504","9,8566","0,66%"
13.12.2001,"10,2700","9,9801","10,4274","9,9409","2,76%"
14.12.2001,"11,0147","10,2505","11,2548","10,2335","7,25%"
17.12.2001,"10,8613","11,0170","11,0545","10,6373","-1,39%"
18.12.2001,"11,0229","10,8432","11,1158","10,7169","1,49%"
19.12.2001,"11,2311","11,0010","11,3939","10,9527","1,89%"
20.12.2001,"12,1403","11,2137","12,3831","11,1677","8,10%"
21.12.2001,"10,7017","12,1050","12,4511","10,6702","-11,85%"
24.12.2001,"10,4210","10,6116","10,9494","10,4052","-2,62%"
25.12.2001,"10,4114","10,4124","10,4802","10,4005","-0,09%"
26.12.2001,"10,4524","10,4325","10,5544","10,3567","0,39%"
27.12.2001,"10,4035","10,4304","10,7202","10,3906","-0,47%"
28.12.2001,"10,5885","10,3941","10,5993","10,2848","1,78%"
31.12.2001,"10,6787","10,5602","10,7319","10,5423","0,85%"
02.01.2002,"11,2396","10,6437","11,3919","10,6116","5,25%"
03.01.2002,"11,1110","11,1898","11,4384","10,9141","-1,14%"
04.01.2002,"10,8432","11,0812","11,1333","10,6425","-2,41%"
07.01.2002,"10,4310","10,7567","10,8848","10,3383","-3,80%"
08.01.2002,"10,2445","10,3840","10,4790","10,0645","-1,79%"
09.01.2002,"10,1017","10,1813","10,3142","9,9781","-1,39%"
10.01.2002,"10,3023","10,0498","10,3747","9,9614","1,99%"
11.01.2002,"10,1052","10,2646","10,4392","10,0230","-1,91%"
14.01.2002,"10,3482","10,0944","10,3968","10,0731","2,40%"
15.01.2002,"10,3398","10,3572","10,5117","10,1795","-0,08%"
16.01.2002,"10,2826","10,3008","10,5151","10,2254","-0,55%"
17.01.2002,"10,0593","10,2358","10,2942","9,9937","-2,17%"
18.01.2002,"10,1297","10,0413","10,1377","9,9429","0,70%"
21.01.2002,"10,1609","10,0973","10,2244","10,0531","0,31%"
22.01.2002,"10,3375","10,1282","10,3615","10,0437","1,74%"
23.01.2002,"9,9779","10,3142","10,4121","9,9318","-3,48%"
24.01.2002,"9,8910","9,9511","10,0374","9,8047","-0,87%"
25.01.2002,"9,8600","9,8917","9,9247","9,6475","-0,31%"
28.01.2002,"9,9299","9,8397","9,9784","9,7470","0,71%"
29.01.2002,"9,8466","9,8731","10,0020","9,7480","-0,84%"
30.01.2002,"9,8351","9,8072","9,9739","9,7844","-0,12%"
31.01.2002,"9,8201","9,8501","9,9762","9,7501","-0,15%"
01.02.2002,"10,0550","9,7820","10,0666","9,7281","2,39%"
04.02.2002,"10,1253","10,0086","10,1386","9,9608","0,70%"
05.02.2002,"10,0028","10,1080","10,1537","9,9723","-1,21%"
06.02.2002,"9,9802","9,9746","10,0054","9,8904","-0,23%"
07.02.2002,"9,8576","9,9644","10,0415","9,8321","-1,23%"
08.02.2002,"9,9780","9,8310","10,0511","9,8181","1,22%"
11.02.2002,"10,1399","9,9203","10,1688","9,9203","1,62%"
12.02.2002,"9,9888","10,1335","10,2092","9,9575","-1,49%"
13.02.2002,"10,0145","9,9814","10,0955","9,9211","0,26%"
14.02.2002,"10,0712","9,9892","10,1209","9,9487","0,57%"
15.02.2002,"9,9934","10,0498","10,1096","9,9419","-0,77%"
18.02.2002,"10,0082","9,9670","10,0809","9,8798","0,15%"
19.02.2002,"10,0799","9,9835","10,1023","9,9451","0,72%"
20.02.2002,"9,8297","10,0671","10,0890","9,8129","-2,48%"
21.02.2002,"9,9325","9,8231","10,0020","9,8174","1,05%"
22.02.2002,"9,9825","9,9197","10,0544","9,9016","0,50%"
25.02.2002,"9,9674","9,9487","10,0221","9,8815","-0,15%"
26.02.2002,"9,8678","9,9761","10,0108","9,8048","-1,00%"
27.02.2002,"9,9042","9,8522","9,9248","9,8112","0,37%"
28.02.2002,"9,8833","9,8609","9,9176","9,7918","-0,21%"
01.03.2002,"9,7664","9,8742","9,9087","9,7192","-1,18%"
04.03.2002,"9,5705","9,7484","9,7982","9,3604","-2,01%"
05.03.2002,"9,5931","9,5569","9,6129","9,3972","0,24%"
06.03.2002,"9,6437","9,5713","9,7003","9,5296","0,53%"
07.03.2002,"10,2855","9,6327","10,3042","9,5999","6,66%"
08.03.2002,"10,2073","10,2518","10,7217","10,0873","-0,76%"
11.03.2002,"10,0797","10,1751","10,2127","9,8830","-1,25%"
12.03.2002,"10,0924","10,0526","10,1426","9,9241","0,13%"
13.03.2002,"10,1841","10,0740","10,4059","10,0614","0,91%"
14.03.2002,"10,3049","10,1756","10,3678","10,1401","1,19%"
15.03.2002,"10,4875","10,2776","10,5610","10,2398","1,77%"
18.03.2002,"10,5692","10,4616","10,6194","10,3913","0,78%"
19.03.2002,"10,3006","10,5321","10,6682","10,1990","-2,54%"
20.03.2002,"10,3005","10,2291","10,3720","9,9870","-0,00%"
21.03.2002,"10,1359","10,2727","10,3324","10,0694","-1,60%"
22.03.2002,"10,0679","10,1012","10,2569","10,0106","-0,67%"
25.03.2002,"10,1341","10,0336","10,2012","10,0275","0,66%"
26.03.2002,"10,0581","10,1109","10,2139","10,0226","-0,75%"
27.03.2002,"9,9772","10,0294","10,1191","9,9252","-0,80%"
28.03.2002,"9,8704","9,9564","10,0170","9,8363","-1,07%"
29.03.2002,"9,8900","9,8431","9,8926","9,8397","0,20%"
01.04.2002,"10,0145","9,8673","10,0250","9,8638","1,26%"
02.04.2002,"9,8592","9,9715","10,0207","9,8147","-1,55%"
03.04.2002,"9,7829","9,8426","9,9063","9,7493","-0,77%"
04.04.2002,"9,8417","9,7769","9,9842","9,7229","0,60%"
05.04.2002,"9,7245","9,8347","9,9528","9,6976","-1,19%"
08.04.2002,"9,7430","9,7118","9,8199","9,6865","0,19%"
09.04.2002,"9,8903","9,7343","9,9008","9,6990","1,51%"
10.04.2002,"9,8632","9,8700","9,9064","9,8206","-0,27%"
11.04.2002,"9,8890","9,8494","9,9351","9,8370","0,26%"
12.04.2002,"9,8719","9,8750","9,9284","9,8094","-0,17%"
15.04.2002,"9,8393","9,8207","9,8915","9,7788","-0,33%"
16.04.2002,"9,9370","9,8295","9,9418","9,7975","0,99%"
17.04.2002,"9,9146","9,9309","10,0046","9,8645","-0,23%"
18.04.2002,"9,9041","9,8979","9,9520","9,8290","-0,11%"
19.04.2002,"9,8995","9,8957","9,9385","9,8179","-0,05%"
22.04.2002,"9,7588","9,8534","9,9105","9,7092","-1,42%"
23.04.2002,"9,7229","9,7556","9,7772","9,6551","-0,37%"
24.04.2002,"9,7332","9,7013","9,7741","9,6806","0,11%"
25.04.2002,"9,7812","9,7193","9,7964","9,6825","0,49%"
26.04.2002,"9,5450","9,7619","9,8474","9,5278","-2,41%"
29.04.2002,"9,5868","9,5257","9,6635","9,4761","0,44%"
30.04.2002,"9,5976","9,5294","9,6944","9,5091","0,11%"
01.05.2002,"9,5858","9,5510","9,6587","9,4714","-0,12%"
02.05.2002,"9,5067","9,5378","9,6275","9,3634","-0,83%"
03.05.2002,"9,5620","9,4589","9,5824","9,4123","0,58%"
06.05.2002,"9,5655","9,5274","9,5696","9,4376","0,04%"
07.05.2002,"9,3132","9,5515","9,5818","9,2324","-2,64%"
08.05.2002,"9,2500","9,2964","9,3888","9,1364","-0,68%"
09.05.2002,"9,4143","9,2370","9,4534","9,2319","1,78%"
10.05.2002,"9,3273","9,3854","9,4785","9,2333","-0,92%"
13.05.2002,"9,2368","9,2964","9,3711","9,1496","-0,97%"
14.05.2002,"9,1709","9,2145","9,2271","9,0741","-0,71%"
15.05.2002,"9,3136","9,1594","9,3674","9,1148","1,56%"
16.05.2002,"9,2259","9,2842","9,3090","9,1966","-0,94%"
17.05.2002,"9,1912","9,2107","9,2732","9,1066","-0,38%"
20.05.2002,"9,2296","9,1662","9,3036","9,1330","0,42%"
21.05.2002,"9,2553","9,1996","9,3070","9,1592","0,28%"
22.05.2002,"9,3434","9,2275","9,4288","9,2124","0,95%"
23.05.2002,"9,3125","9,3335","9,4003","9,2779","-0,33%"
24.05.2002,"9,2081","9,2967","9,3537","9,0956","-1,12%"
27.05.2002,"9,1559","9,2060","9,2633","9,0993","-0,57%"
28.05.2002,"9,1869","9,1333","9,2503","9,0867","0,34%"
29.05.2002,"9,1163","9,1632","9,2394","9,0827","-0,77%"
30.05.2002,"9,1167","9,0972","9,2016","9,0355","0,00%"
31.05.2002,"9,1845","9,0485","9,2251","9,0360","0,74%"
03.06.2002,"9,2696","9,1450","9,2772","9,0555","0,93%"
04.06.2002,"9,1174","9,2347","9,2728","9,0708","-1,64%"
05.06.2002,"9,3117","9,0886","9,3484","9,0827","2,13%"
06.06.2002,"9,2272","9,2961","9,3354","9,1856","-0,91%"
07.06.2002,"9,2868","9,1973","9,3407","9,1697","0,65%"
10.06.2002,"9,4413","9,2772","9,5009","9,2255","1,66%"
11.06.2002,"9,4988","9,4316","9,5394","9,3873","0,61%"
12.06.2002,"9,5661","9,4696","9,6993","9,4535","0,71%"
13.06.2002,"9,7640","9,5459","9,8029","9,5283","2,07%"
14.06.2002,"9,9114","9,7275","9,9966","9,6923","1,51%"
17.06.2002,"9,9795","9,8701","10,1108","9,8671","0,69%"
18.06.2002,"9,7424","9,9526","10,0365","9,6676","-2,38%"
19.06.2002,"9,7977","9,7276","9,8426","9,6246","0,57%"
20.06.2002,"10,0451","9,7807","10,1006","9,7102","2,53%"
21.06.2002,"9,9516","10,0132","10,2099","9,8374","-0,93%"
24.06.2002,"9,9501","9,9248","10,2551","9,8455","-0,02%"
25.06.2002,"10,1744","9,9319","10,1806","9,8877","2,25%"
26.06.2002,"10,1350","10,1534","10,3811","10,0509","-0,39%"
27.06.2002,"10,2574","10,1084","10,3191","10,0516","1,21%"
28.06.2002,"10,1827","10,2482","10,3974","10,0854","-0,73%"
01.07.2002,"9,9187","10,1786","10,3281","9,7782","-2,59%"
02.07.2002,"9,9301","9,9001","10,0050","9,7813","0,11%"
03.07.2002,"9,9578","9,9034","10,0310","9,8360","0,28%"
04.07.2002,"9,9932","9,9293","10,0257","9,8754","0,36%"
05.07.2002,"9,8008","9,9670","9,9915","9,7441","-1,93%"
08.07.2002,"10,0711","9,8110","10,0900","9,7883","2,76%"
09.07.2002,"9,9205","10,0413","10,1002","9,8713","-1,50%"
10.07.2002,"9,8915","9,9081","9,9883","9,8131","-0,29%"
11.07.2002,"9,9621","9,8672","10,0543","9,8185","0,71%"
12.07.2002,"9,8714","9,9313","10,0134","9,8000","-0,91%"
15.07.2002,"10,0495","9,8446","10,1306","9,8416","1,80%"
16.07.2002,"10,2333","10,0340","10,2827","10,0300","1,83%"
17.07.2002,"10,2005","10,2242","10,2752","10,1053","-0,32%"
18.07.2002,"10,0852","10,1818","10,2424","9,9644","-1,13%"
19.07.2002,"10,0695","10,0563","10,1486","9,9748","-0,16%"
22.07.2002,"10,0618","10,0432","10,1706","9,9926","-0,08%"
23.07.2002,"9,9829","10,0306","10,0742","9,9119","-0,78%"
24.07.2002,"10,2651","9,9731","10,3483","9,9441","2,83%"
25.07.2002,"10,1455","10,2455","10,3135","10,0430","-1,17%"
26.07.2002,"10,1298","10,1063","10,2500","10,0090","-0,15%"
29.07.2002,"9,9536","10,1118","10,1836","9,8110","-1,74%"
30.07.2002,"9,9823","9,9404","10,0670","9,8774","0,29%"
31.07.2002,"9,9394","9,9577","10,0621","9,8907","-0,43%"
01.08.2002,"10,0719","9,9377","10,1429","9,9245","1,33%"
02.08.2002,"10,0724","10,0556","10,1353","9,9940","0,00%"
05.08.2002,"10,2976","10,0817","10,3785","10,0120","2,24%"
06.08.2002,"10,2525","10,2718","10,4685","10,1577","-0,44%"
07.08.2002,"10,1633","10,2245","10,2817","10,0755","-0,87%"
08.08.2002,"10,0624","10,1352","10,2146","10,0053","-0,99%"
09.08.2002,"10,1472","10,0401","10,2187","10,0214","0,84%"
12.08.2002,"10,2351","10,1277","10,2608","10,1043","0,87%"
13.08.2002,"10,3828","10,1968","10,4301","10,1674","1,44%"
14.08.2002,"10,3333","10,3707","10,4733","10,2767","-0,48%"
15.08.2002,"10,4336","10,2881","10,4474","10,2606","0,97%"
16.08.2002,"10,3805","10,4157","10,4959","10,3443","-0,51%"
19.08.2002,"10,3754","10,3780","10,4781","10,2795","-0,05%"
20.08.2002,"10,6265","10,3638","10,6485","10,3278","2,42%"
21.08.2002,"10,7294","10,6075","10,7425","10,5652","0,97%"
22.08.2002,"10,5369","10,6994","10,7296","10,4920","-1,79%"
23.08.2002,"10,5166","10,5174","10,5895","10,4569","-0,19%"
26.08.2002,"10,4899","10,4828","10,5770","10,4008","-0,25%"
27.08.2002,"10,3445","10,4623","10,5641","10,2774","-1,39%"
28.08.2002,"10,3487","10,3156","10,4058","10,2252","0,04%"
29.08.2002,"10,4525","10,3277","10,5305","10,3150","1,00%"
30.08.2002,"10,3999","10,4163","10,4823","10,2233","-0,50%"
02.09.2002,"10,4520","10,4018","10,4732","10,3278","0,50%"
03.09.2002,"10,7485","10,4240","10,7553","10,3769","2,84%"
04.09.2002,"10,5707","10,7222","10,8162","10,5160","-1,65%"
05.09.2002,"10,4730","10,5547","10,6901","10,4275","-0,92%"
06.09.2002,"10,3315","10,4518","10,5533","10,2749","-1,35%"
09.09.2002,"10,2966","10,3086","10,3870","10,2150","-0,34%"
10.09.2002,"10,3664","10,2620","10,3936","10,2305","0,68%"
11.09.2002,"10,3125","10,3372","10,3913","10,2404","-0,52%"
12.09.2002,"10,2680","10,2931","10,4246","10,1581","-0,43%"
13.09.2002,"10,2229","10,2357","10,4142","10,1801","-0,44%"
16.09.2002,"10,3944","10,1850","10,4386","10,1609","1,68%"
17.09.2002,"10,3430","10,3729","10,4016","10,1628","-0,49%"
18.09.2002,"10,3946","10,2596","10,4136","10,1678","0,50%"
19.09.2002,"10,4400","10,3591","10,4464","10,2866","0,44%"
20.09.2002,"10,4080","10,4215","10,4700","10,2687","-0,31%"
23.09.2002,"10,4188","10,3747","10,5037","10,3423","0,10%"
24.09.2002,"10,4700","10,3999","10,5275","10,3619","0,49%"
25.09.2002,"10,3206","10,4465","10,5961","10,2839","-1,43%"
26.09.2002,"10,3152","10,2952","10,4251","10,2307","-0,05%"
27.09.2002,"10,3786","10,2868","10,3837","10,2450","0,61%"
30.09.2002,"10,3846","10,3425","10,4467","10,3177","0,06%"
01.10.2002,"10,2553","10,3672","10,4487","10,2168","-1,25%"
02.10.2002,"10,2997","10,2271","10,3143","10,1466","0,43%"
03.10.2002,"10,2615","10,2693","10,3708","10,2030","-0,37%"
04.10.2002,"10,2254","10,2255","10,3306","10,1534","-0,35%"
07.10.2002,"10,3411","10,1932","10,3506","10,1485","1,13%"
08.10.2002,"10,2886","10,3071","10,3627","10,1878","-0,51%"
09.10.2002,"10,3741","10,2668","10,3987","10,2157","0,83%"
10.10.2002,"10,2614","10,3556","10,4172","10,2084","-1,09%"
11.10.2002,"10,3056","10,2368","10,3445","10,1916","0,43%"
14.10.2002,"10,2961","10,2768","10,3294","10,2329","-0,09%"
15.10.2002,"10,2367","10,2669","10,3397","10,1856","-0,58%"
16.10.2002,"10,1996","10,2163","10,2906","10,1709","-0,36%"
17.10.2002,"10,0094","10,1699","10,2055","9,9654","-1,86%"
18.10.2002,"10,0703","10,0036","10,0938","9,9746","0,61%"
21.10.2002,"9,9340","10,0581","10,1044","9,8951","-1,35%"
22.10.2002,"9,9707","9,9189","10,0346","9,8932","0,37%"
23.10.2002,"9,9467","9,9510","10,0565","9,8862","-0,24%"
24.10.2002,"9,9203","9,9178","9,9459","9,8165","-0,27%"
25.10.2002,"9,8702","9,9099","9,9408","9,8244","-0,51%"
28.10.2002,"9,8913","9,8606","9,9139","9,7768","0,21%"
29.10.2002,"9,9082","9,8725","9,9537","9,8055","0,17%"
30.10.2002,"9,9275","9,8850","10,0921","9,8593","0,19%"
31.10.2002,"9,9214","9,9000","9,9942","9,7851","-0,06%"
01.11.2002,"9,9710","9,9013","10,0046","9,8485","0,50%"
04.11.2002,"9,8882","9,9401","9,9869","9,7909","-0,83%"
05.11.2002,"9,9230","9,8583","10,0121","9,7995","0,35%"
06.11.2002,"9,9072","9,8990","9,9516","9,8035","-0,16%"
07.11.2002,"9,8790","9,8804","9,9403","9,7679","-0,28%"
08.11.2002,"9,9029","9,8397","9,9335","9,7736","0,24%"
11.11.2002,"9,9499","9,8763","10,0386","9,8203","0,47%"
12.11.2002,"9,9605","9,9251","10,0437","9,8699","0,11%"
13.11.2002,"9,9254","9,9366","9,9692","9,8309","-0,35%"
14.11.2002,"9,7532","9,8945","9,9422","9,6868","-1,73%"
15.11.2002,"9,6852","9,7126","9,7909","9,5828","-0,70%"
18.11.2002,"9,6916","9,6643","9,7435","9,5718","0,07%"
19.11.2002,"9,6929","9,6655","9,7697","9,5947","0,01%"
20.11.2002,"9,6681","9,6927","9,7551","9,6042","-0,26%"
21.11.2002,"9,6367","9,6515","9,7558","9,5640","-0,32%"
22.11.2002,"9,4390","9,6093","9,6542","9,3883","-2,05%"
25.11.2002,"9,2030","9,4179","9,4971","9,1542","-2,50%"
26.11.2002,"9,1680","9,1740","9,2316","8,9515","-0,38%"
27.11.2002,"9,1736","9,1332","9,2115","9,0443","0,06%"
28.11.2002,"9,1888","9,1285","9,2780","9,0538","0,17%"
29.11.2002,"9,1971","9,1560","9,2651","9,1521","0,09%"
02.12.2002,"9,2069","9,1685","9,2410","9,0801","0,11%"
03.12.2002,"9,2164","9,1910","9,3097","9,1080","0,10%"
04.12.2002,"9,1098","9,2028","9,2810","9,0459","-1,16%"
05.12.2002,"9,1298","9,0914","9,1889","9,0328","0,22%"
06.12.2002,"9,2996","9,1116","9,3133","9,0777","1,86%"
09.12.2002,"9,1818","9,2902","9,3380","9,1371","-1,27%"
10.12.2002,"9,0704","9,1533","9,1865","9,0069","-1,21%"
11.12.2002,"8,9293","9,0353","9,0770","8,8975","-1,56%"
12.12.2002,"9,0702","8,9304","9,0846","8,8989","1,58%"
13.12.2002,"8,9475","9,0338","9,0761","8,8868","-1,35%"
16.12.2002,"8,9318","8,9403","8,9757","8,8406","-0,18%"
17.12.2002,"9,3818","8,9244","9,4245","8,8630","5,04%"
18.12.2002,"9,1527","9,3429","9,4093","9,0729","-2,44%"
19.12.2002,"9,1500","9,1252","9,2949","8,9731","-0,03%"
20.12.2002,"9,1361","9,1284","9,3705","9,0023","-0,15%"
23.12.2002,"9,0687","9,1549","9,2155","8,9901","-0,74%"
24.12.2002,"9,1417","9,0493","9,2021","8,9549","0,80%"
25.12.2002,"9,1617","9,1137","9,1652","9,0872","0,22%"
26.12.2002,"9,1837","9,1252","9,2256","9,1059","0,24%"
27.12.2002,"9,1803","9,1395","9,2057","9,0435","-0,04%"
30.12.2002,"9,0540","9,1010","9,1739","8,8913","-1,38%"
31.12.2002,"8,9969","9,0190","9,1404","8,9417","-0,63%"
02.01.2003,"8,8010","8,9658","9,0035","8,7569","-2,18%"
03.01.2003,"8,7705","8,7712","8,8773","8,6757","-0,35%"
06.01.2003,"8,9346","8,7634","8,9477","8,6865","1,87%"
07.01.2003,"9,0204","8,9044","9,0383","8,7679","0,96%"
08.01.2003,"8,9729","8,9890","9,0781","8,9092","-0,53%"
09.01.2003,"8,9822","8,9474","9,0067","8,8915","0,10%"
10.01.2003,"8,9817","8,9647","9,0310","8,8929","-0,01%"
13.01.2003,"9,1193","8,9694","9,1704","8,8945","1,53%"
14.01.2003,"9,3092","9,0821","9,3910","9,0326","2,08%"
15.01.2003,"9,2343","9,2806","9,4784","9,1866","-0,80%"
16.01.2003,"9,3430","9,2154","9,4058","9,1944","1,18%"
17.01.2003,"9,4360","9,3447","9,5306","9,3067","1,00%"
20.01.2003,"9,4474","9,3968","9,4848","9,3441","0,12%"
21.01.2003,"9,7027","9,4371","9,7403","9,3933","2,70%"
22.01.2003,"9,5997","9,6829","9,7301","9,5512","-1,06%"
23.01.2003,"9,4079","9,5921","9,6449","9,3289","-2,00%"
24.01.2003,"9,4558","9,3598","9,5317","9,3096","0,51%"
27.01.2003,"9,4703","9,4490","9,5910","9,3645","0,15%"
28.01.2003,"9,4980","9,4334","9,5208","9,3844","0,29%"
29.01.2003,"9,2675","9,4726","9,5566","9,2214","-2,43%"
30.01.2003,"9,2683","9,2611","9,3379","9,2070","0,01%"
31.01.2003,"9,1650","9,2336","9,3339","9,0606","-1,11%"
03.02.2003,"9,1855","9,1503","9,2301","9,0821","0,22%"
04.02.2003,"9,0511","9,1687","9,2268","8,9858","-1,46%"
05.02.2003,"9,0500","9,0362","9,1858","8,9821","-0,01%"
06.02.2003,"9,0616","9,0194","9,1735","8,9634","0,13%"
07.02.2003,"9,0684","9,0789","9,1545","8,9619","0,08%"
10.02.2003,"9,1481","9,0413","9,2048","9,0188","0,88%"
11.02.2003,"8,9857","9,1367","9,2203","8,9324","-1,78%"
12.02.2003,"8,9860","8,9745","9,0765","8,9127","0,00%"
13.02.2003,"8,9967","8,9547","9,0790","8,9417","0,12%"
14.02.2003,"8,9853","8,9531","9,0474","8,9226","-0,13%"
17.02.2003,"9,0107","8,9639","9,0456","8,8976","0,28%"
18.02.2003,"8,9824","8,9760","9,0704","8,8969","-0,31%"
19.02.2003,"8,8605","8,9529","9,0345","8,8300","-1,36%"
20.02.2003,"8,7556","8,8499","8,9239","8,6863","-1,18%"
21.02.2003,"8,6773","8,7124","8,8131","8,6380","-0,89%"
24.02.2003,"8,7437","8,6435","8,7880","8,5736","0,77%"
25.02.2003,"8,6903","8,7109","8,7942","8,6544","-0,61%"
26.02.2003,"8,8159","8,6649","8,8175","8,5263","1,45%"
27.02.2003,"8,5924","8,7799","8,8336","8,5344","-2,54%"
28.02.2003,"8,7334","8,5721","8,8636","8,5176","1,64%"
03.03.2003,"8,6418","8,7062","8,7851","8,5790","-1,05%"
04.03.2003,"8,6966","8,6075","8,7788","8,5979","0,63%"
05.03.2003,"8,7300","8,6817","8,7868","8,5955","0,38%"
06.03.2003,"8,7688","8,7137","8,8927","8,6772","0,44%"
07.03.2003,"8,7414","8,7439","8,8708","8,7030","-0,31%"
10.03.2003,"8,7217","8,7132","8,8040","8,6612","-0,23%"
11.03.2003,"8,7306","8,6945","8,8024","8,6646","0,10%"
12.03.2003,"8,8430","8,6949","8,8934","8,6735","1,29%"
13.03.2003,"8,8203","8,8055","8,9167","8,7334","-0,26%"
14.03.2003,"8,8090","8,7785","8,9252","8,7350","-0,13%"
17.03.2003,"8,7806","8,8090","8,8520","8,7091","-0,32%"
18.03.2003,"8,7003","8,7174","8,7932","8,6297","-0,91%"
19.03.2003,"8,6429","8,6802","8,7333","8,5302","-0,66%"
20.03.2003,"8,6392","8,5963","8,7280","8,5745","-0,04%"
21.03.2003,"8,6817","8,5843","8,7174","8,5422","0,49%"
24.03.2003,"8,6470","8,7271","8,7571","8,6058","-0,40%"
25.03.2003,"8,5449","8,6192","8,6966","8,5086","-1,18%"
26.03.2003,"8,4555","8,5190","8,5979","8,4083","-1,05%"
27.03.2003,"8,5103","8,4284","8,5849","8,4011","0,65%"
28.03.2003,"8,6057","8,4836","8,6416","8,4720","1,12%"
31.03.2003,"8,6196","8,6139","8,6747","8,5409","0,16%"
01.04.2003,"8,5968","8,6009","8,6717","8,5276","-0,26%"
02.04.2003,"8,5644","8,5699","8,6402","8,4778","-0,38%"
03.04.2003,"8,4751","8,5595","8,6044","8,4112","-1,04%"
04.04.2003,"8,5160","8,4650","8,5643","8,4007","0,48%"
07.04.2003,"8,5177","8,4787","8,5757","8,4269","0,02%"
08.04.2003,"8,6214","8,5069","8,6354","8,4303","1,22%"
09.04.2003,"8,5387","8,6149","8,6963","8,3985","-0,96%"
10.04.2003,"8,4092","8,5086","8,6022","8,3360","-1,52%"
11.04.2003,"8,3886","8,4023","8,4405","8,3068","-0,24%"
14.04.2003,"8,4300","8,3811","8,4585","8,3034","0,49%"
15.04.2003,"8,3165","8,4007","8,4539","8,2381","-1,35%"
16.04.2003,"8,3696","8,2910","8,3999","8,2088","0,64%"
17.04.2003,"8,2952","8,3649","8,4158","8,2231","-0,89%"
18.04.2003,"8,2820","8,2812","8,3377","8,2218","-0,16%"
21.04.2003,"8,3222","8,2896","8,3237","8,2144","0,49%"
22.04.2003,"8,2970","8,3087","8,3859","8,2268","-0,30%"
23.04.2003,"8,1096","8,2673","8,3606","8,0430","-2,26%"
24.04.2003,"8,0116","8,0767","8,1940","7,9594","-1,21%"
25.04.2003,"7,9605","7,9824","8,0933","7,8695","-0,64%"
28.04.2003,"7,9040","7,9330","8,0338","7,7590","-0,71%"
29.04.2003,"7,8702","7,8770","8,0223","7,8084","-0,43%"
30.04.2003,"8,1273","7,8611","8,2000","7,8028","3,27%"
01.05.2003,"8,1661","8,1167","8,2490","8,0908","0,48%"
02.05.2003,"8,4180","8,1686","8,4818","8,1207","3,08%"
05.05.2003,"8,1585","8,3795","8,4751","8,0674","-3,08%"
06.05.2003,"8,3177","8,1499","8,4255","8,0673","1,95%"
07.05.2003,"8,1894","8,3033","8,4185","8,1451","-1,54%"
08.05.2003,"8,2649","8,2520","8,2649","8,2520","0,92%"
09.05.2003,"8,3597","8,2520","8,4055","8,2520","1,15%"
12.05.2003,"8,4714","8,3731","8,6122","8,3044","1,34%"
13.05.2003,"8,5144","8,4103","8,5345","8,3522","0,51%"
14.05.2003,"8,7909","8,4767","8,8446","8,4267","3,25%"
15.05.2003,"9,1252","8,7546","9,3349","8,7386","3,80%"
16.05.2003,"8,9607","9,1098","9,1906","8,7738","-1,80%"
19.05.2003,"9,2608","8,9509","9,3402","8,8572","3,35%"
20.05.2003,"9,0945","9,2214","9,4517","8,9743","-1,80%"
21.05.2003,"9,1027","9,0629","9,1688","8,9687","0,09%"
22.05.2003,"9,1529","9,1242","9,3116","9,0458","0,55%"
23.05.2003,"9,3339","9,1205","9,3642","9,0723","1,98%"
26.05.2003,"9,3635","9,3030","9,4015","9,2331","0,32%"
27.05.2003,"9,5993","9,3347","9,6776","9,3134","2,52%"
28.05.2003,"9,6546","9,5315","9,8137","9,5307","0,58%"
29.05.2003,"9,5915","9,6037","9,7204","9,4904","-0,65%"
30.05.2003,"9,5542","9,5906","9,7101","9,3409","-0,39%"
02.06.2003,"9,4486","9,5210","9,5776","9,3437","-1,11%"
03.06.2003,"9,4383","9,4128","9,5439","9,3604","-0,11%"
04.06.2003,"9,5459","9,4325","9,6755","9,3799","1,14%"
05.06.2003,"9,3857","9,5143","9,6648","9,3103","-1,68%"
06.06.2003,"9,4911","9,3529","9,5389","9,3228","1,12%"
09.06.2003,"9,3075","9,4969","9,5059","9,2121","-1,93%"
10.06.2003,"9,2531","9,3033","9,4534","9,2124","-0,58%"
11.06.2003,"9,3511","9,2208","9,3631","9,2106","1,06%"
12.06.2003,"9,1857","9,3436","9,4363","9,0853","-1,77%"
13.06.2003,"9,3061","9,1744","9,3550","9,1108","1,31%"
16.06.2003,"9,2306","9,2320","9,3265","9,1240","-0,81%"
17.06.2003,"9,2340","9,1849","9,4173","9,1601","0,04%"
18.06.2003,"9,2599","9,2230","9,3409","9,1692","0,28%"
19.06.2003,"9,2776","9,2215","9,3687","9,1679","0,19%"
20.06.2003,"9,1545","9,2463","9,3502","9,0676","-1,33%"
23.06.2003,"9,1852","9,0980","9,2314","9,0704","0,34%"
24.06.2003,"8,9618","9,1607","9,2452","8,8775","-2,43%"
25.06.2003,"8,8805","8,9334","9,0004","8,8224","-0,91%"
26.06.2003,"8,7104","8,8494","8,9200","8,5645","-1,92%"
27.06.2003,"8,5678","8,6769","8,7283","8,4397","-1,64%"
30.06.2003,"8,6272","8,5332","8,6785","8,3908","0,69%"
01.07.2003,"8,6206","8,6331","8,6806","8,5084","-0,08%"
02.07.2003,"8,5899","8,5898","8,6271","8,4076","-0,36%"
03.07.2003,"8,6342","8,5534","8,7102","8,5183","0,52%"
04.07.2003,"8,6255","8,6013","8,6678","8,5270","-0,10%"
07.07.2003,"8,5041","8,5956","8,6380","8,4293","-1,41%"
08.07.2003,"8,6324","8,4728","8,7902","8,4453","1,51%"
09.07.2003,"8,6055","8,5988","8,7913","8,5114","-0,31%"
10.07.2003,"8,6295","8,5801","8,6585","8,3967","0,28%"
11.07.2003,"8,5168","8,6245","8,6715","8,4878","-1,31%"
14.07.2003,"8,5796","8,4991","8,6283","8,3976","0,74%"
15.07.2003,"8,5772","8,5585","8,7790","8,5199","-0,03%"
16.07.2003,"8,6984","8,5496","8,7698","8,5325","1,41%"
17.07.2003,"8,6694","8,6723","8,7127","8,5515","-0,33%"
18.07.2003,"8,6245","8,6421","8,7186","8,5583","-0,52%"
21.07.2003,"8,6192","8,5927","8,7053","8,5133","-0,06%"
22.07.2003,"8,5794","8,5980","8,6653","8,5323","-0,46%"
23.07.2003,"8,6229","8,5526","8,6720","8,5432","0,51%"
24.07.2003,"8,6239","8,5885","8,7081","8,5302","0,01%"
25.07.2003,"8,5420","8,5903","8,7125","8,4843","-0,95%"
28.07.2003,"8,4584","8,5156","8,5687","8,3374","-0,98%"
29.07.2003,"8,3951","8,4128","8,4806","8,2836","-0,75%"
30.07.2003,"8,3567","8,3706","8,5163","8,3078","-0,46%"
31.07.2003,"8,2790","8,3225","8,5053","8,2030","-0,93%"
01.08.2003,"8,4273","8,2480","8,4368","8,2057","1,79%"
04.08.2003,"8,4508","8,4459","8,4804","8,4195","0,28%"
05.08.2003,"8,4445","8,4459","8,5504","8,3780","-0,07%"
06.08.2003,"8,3249","8,4116","8,4210","8,2928","-1,42%"
07.08.2003,"8,2642","8,3177","8,3901","8,2122","-0,73%"
08.08.2003,"8,3057","8,2299","8,4327","8,1431","0,50%"
11.08.2003,"8,3912","8,2866","8,4111","8,2391","1,03%"
12.08.2003,"8,3586","8,3595","8,4141","8,2819","-0,39%"
13.08.2003,"8,3998","8,2892","8,4194","8,2616","0,49%"
14.08.2003,"8,2753","8,3964","8,4474","8,1964","-1,48%"
15.08.2003,"8,2670","8,2435","8,3515","8,2013","-0,10%"
18.08.2003,"8,0858","8,2389","8,2967","8,0489","-2,19%"
19.08.2003,"8,1833","8,0554","8,1994","8,0361","1,21%"
20.08.2003,"8,1750","8,1518","8,2612","8,0859","-0,10%"
21.08.2003,"8,2159","8,1425","8,2358","8,0587","0,50%"
22.08.2003,"8,1370","8,2079","8,2656","8,0529","-0,96%"
25.08.2003,"8,1386","8,0858","8,1877","8,0709","0,02%"
26.08.2003,"7,9733","8,1036","8,1585","7,9146","-2,03%"
27.08.2003,"7,9921","7,9510","8,0686","7,8959","0,24%"
28.08.2003,"8,0250","7,9586","8,0282","7,8549","0,41%"
29.08.2003,"8,0758","7,9758","8,1291","7,9366","0,63%"
01.09.2003,"8,0716","8,0514","8,1075","8,0066","-0,05%"
02.09.2003,"7,9280","8,0490","8,0876","7,8621","-1,78%"
03.09.2003,"7,8727","7,8970","7,9408","7,8214","-0,70%"
04.09.2003,"7,9848","7,8387","8,0196","7,7911","1,42%"
05.09.2003,"8,3086","7,9683","8,3332","7,9344","4,06%"
08.09.2003,"8,4006","8,3688","8,4006","8,3688","1,11%"
09.09.2003,"8,4047","8,3688","8,4547","8,2760","0,05%"
10.09.2003,"8,2797","8,3729","8,4397","8,2111","-1,49%"
11.09.2003,"8,3003","8,2454","8,3637","8,1852","0,25%"
12.09.2003,"8,3230","8,2775","8,3640","8,1828","0,27%"
15.09.2003,"8,3810","8,2716","8,4021","8,2445","0,70%"
16.09.2003,"8,4213","8,3487","8,4740","8,3244","0,48%"
17.09.2003,"8,3407","8,3855","8,4312","8,2447","-0,96%"
18.09.2003,"8,2726","8,3091","8,3904","8,1994","-0,82%"
19.09.2003,"8,3593","8,2405","8,3854","8,2020","1,05%"
22.09.2003,"8,2922","8,3549","8,4219","8,2089","-0,80%"
23.09.2003,"8,2242","8,2806","8,3236","8,1288","-0,82%"
24.09.2003,"8,1689","8,1849","8,2556","8,0932","-0,67%"
25.09.2003,"8,1490","8,1338","8,2159","8,0906","-0,24%"
26.09.2003,"8,2096","8,1125","8,3065","8,0957","0,74%"
29.09.2003,"8,2481","8,1696","8,3104","8,1154","0,47%"
30.09.2003,"8,0989","8,2188","8,2849","7,9958","-1,81%"
01.10.2003,"8,1279","8,0807","8,2075","8,0281","0,36%"
02.10.2003,"8,0303","8,1034","8,1395","7,9378","-1,20%"
03.10.2003,"8,0637","7,9935","8,0943","7,9510","0,42%"
06.10.2003,"8,1078","8,0277","8,1800","7,9808","0,55%"
07.10.2003,"8,1118","8,0771","8,1313","7,9261","0,05%"
08.10.2003,"8,1153","8,0963","8,1941","8,0249","0,04%"
09.10.2003,"8,1551","8,0895","8,1982","8,0553","0,49%"
10.10.2003,"8,2211","8,1247","8,2667","8,0451","0,81%"
13.10.2003,"8,2217","8,1941","8,2651","8,1202","0,01%"
14.10.2003,"8,1531","8,1949","8,2282","8,0632","-0,83%"
15.10.2003,"8,1694","8,1488","8,2042","8,0620","0,20%"
16.10.2003,"8,1342","8,1312","8,2413","8,0487","-0,43%"
17.10.2003,"8,4032","8,1049","8,4629","8,0780","3,31%"
20.10.2003,"8,3798","8,4271","8,4609","8,2932","-0,28%"
21.10.2003,"8,3291","8,3453","8,3978","8,2291","-0,61%"
22.10.2003,"8,2489","8,2975","8,3978","8,1600","-0,96%"
23.10.2003,"8,2432","8,1932","8,2460","8,1904","-0,07%"
24.10.2003,"8,1524","8,1932","8,2753","8,0905","-1,10%"
27.10.2003,"8,0819","8,1234","8,1922","8,0422","-0,86%"
28.10.2003,"8,1147","8,0448","8,1542","8,0179","0,41%"
29.10.2003,"8,0267","8,0849","8,1936","7,9766","-1,08%"
30.10.2003,"8,0531","8,0270","8,1180","7,9784","0,33%"
31.10.2003,"7,9797","8,0219","8,0917","7,9388","-0,91%"
03.11.2003,"7,9618","7,9161","8,0078","7,8341","-0,22%"
04.11.2003,"7,9526","7,9081","8,0039","7,8801","-0,12%"
05.11.2003,"7,9230","7,9309","8,0024","7,8478","-0,37%"
06.11.2003,"7,9950","7,8915","8,0370","7,8826","0,91%"
07.11.2003,"8,0400","7,9864","8,1076","7,9331","0,56%"
10.11.2003,"7,9854","7,9730","8,0525","7,9403","-0,68%"
11.11.2003,"7,9536","7,9495","8,0311","7,9129","-0,40%"
12.11.2003,"8,0024","7,9275","8,0961","7,9244","0,61%"
13.11.2003,"7,9263","7,9563","8,0744","7,8019","-0,95%"
14.11.2003,"7,8867","7,8946","7,9929","7,8154","-0,50%"
17.11.2003,"7,9005","7,8724","7,9845","7,7975","0,17%"
18.11.2003,"7,8366","7,8686","7,9708","7,7669","-0,81%"
19.11.2003,"7,8746","7,8128","7,9317","7,7581","0,48%"
20.11.2003,"7,8005","7,8500","7,9135","7,7516","-0,94%"
21.11.2003,"7,7850","7,7619","7,8352","7,7186","-0,20%"
24.11.2003,"7,7422","7,7283","7,8181","7,6603","-0,55%"
25.11.2003,"7,7219","7,7121","7,8045","7,6714","-0,26%"
26.11.2003,"7,6669","7,6928","7,7426","7,5949","-0,71%"
27.11.2003,"7,6658","7,6258","7,7096","7,5925","-0,01%"
28.11.2003,"7,6666","7,6354","7,7340","7,5655","0,01%"
01.12.2003,"7,6151","7,6394","7,7315","7,5733","-0,67%"
02.12.2003,"7,6199","7,5946","7,6877","7,5455","0,06%"
03.12.2003,"7,4970","7,5918","7,6837","7,3489","-1,61%"
04.12.2003,"7,6669","7,4876","7,7080","7,4124","2,27%"
05.12.2003,"7,6093","7,6486","7,7490","7,5740","-0,75%"
08.12.2003,"7,8750","7,6368","7,9431","7,5617","3,49%"
09.12.2003,"7,8773","7,8182","7,9088","7,7719","0,03%"
10.12.2003,"7,9140","7,8329","7,9950","7,7529","0,47%"
11.12.2003,"7,7954","7,8851","7,9524","7,6125","-1,50%"
12.12.2003,"7,8158","7,7677","7,8759","7,7429","0,26%"
15.12.2003,"7,7866","7,7083","7,8544","7,6955","-0,37%"
16.12.2003,"7,8809","7,7498","7,9164","7,7081","1,21%"
17.12.2003,"8,0864","7,8538","8,1121","7,8052","2,61%"
18.12.2003,"8,2605","8,0659","8,3559","8,0339","2,15%"
19.12.2003,"8,5950","8,2350","8,6213","8,1338","4,05%"
22.12.2003,"8,5685","8,5808","8,7175","8,3966","-0,31%"
23.12.2003,"8,5673","8,5279","8,6287","8,4597","-0,01%"
24.12.2003,"8,3249","8,5422","8,6107","8,2590","-2,83%"
25.12.2003,"8,3366","8,2897","8,3557","8,2746","0,14%"
26.12.2003,"8,3117","8,2924","8,4207","8,2364","-0,30%"
29.12.2003,"8,3987","8,2819","8,4594","8,2489","1,05%"
30.12.2003,"8,3304","8,3293","8,4013","8,1487","-0,81%"
31.12.2003,"8,4227","8,3173","8,4535","8,2401","1,11%"
01.01.2004,"8,3879","8,4052","8,4313","8,3244","-0,41%"
02.01.2004,"8,2287","8,3711","8,4765","8,1670","-1,90%"
05.01.2004,"7,9658","8,2036","8,2788","7,9227","-3,19%"
06.01.2004,"8,2033","7,9517","8,3571","7,8650","2,98%"
07.01.2004,"8,3051","8,1727","8,4008","8,1058","1,24%"
08.01.2004,"8,4166","8,2575","8,5216","8,1742","1,34%"
09.01.2004,"8,5679","8,3360","8,6982","8,3013","1,80%"
12.01.2004,"8,8748","8,5156","8,9367","8,4629","3,58%"
13.01.2004,"8,7995","8,8371","9,0612","8,6570","-0,85%"
14.01.2004,"9,0441","8,7593","9,1581","8,6730","2,78%"
15.01.2004,"9,2738","9,0223","9,2882","8,9190","2,54%"
16.01.2004,"8,9310","9,2443","9,4909","8,8684","-3,70%"
19.01.2004,"9,0013","8,8868","9,0712","8,8425","0,79%"
20.01.2004,"8,8748","8,9676","9,1645","8,8295","-1,41%"
21.01.2004,"8,9802","8,8787","9,0785","8,8207","1,19%"
22.01.2004,"8,9992","8,9486","9,1916","8,9330","0,21%"
23.01.2004,"9,0700","8,9660","9,1781","8,9588","0,79%"
26.01.2004,"8,8438","9,0400","9,1604","8,7963","-2,49%"
27.01.2004,"8,8996","8,8010","9,0057","8,7925","0,63%"
28.01.2004,"8,7195","8,8623","8,9531","8,5909","-2,02%"
29.01.2004,"8,7233","8,6861","8,8575","8,6279","0,04%"
30.01.2004,"8,8538","8,6931","8,8891","8,6472","1,50%"
02.02.2004,"8,6856","8,7946","8,8770","8,6456","-1,90%"
03.02.2004,"8,6723","8,6503","8,7538","8,5974","-0,15%"
04.02.2004,"8,5865","8,6273","8,7313","8,4962","-0,99%"
05.02.2004,"8,7722","8,5621","8,8370","8,5235","2,16%"
06.02.2004,"8,8527","8,7223","8,9982","8,6944","0,92%"
09.02.2004,"8,7601","8,8263","8,9486","8,7071","-1,05%"
10.02.2004,"8,7006","8,7240","8,8713","8,6564","-0,68%"
11.02.2004,"8,6548","8,6416","8,7983","8,5551","-0,53%"
12.02.2004,"8,4696","8,6204","8,7074","8,4134","-2,14%"
13.02.2004,"8,4221","8,4378","8,5257","8,3363","-0,56%"
16.02.2004,"8,4965","8,4016","8,5409","8,3601","0,88%"
17.02.2004,"8,3605","8,4603","8,5781","8,3236","-1,60%"
18.02.2004,"8,4170","8,3601","8,5369","8,3297","0,68%"
19.02.2004,"8,4495","8,4211","8,5217","8,3047","0,39%"
20.02.2004,"8,4011","8,4163","8,5445","8,3479","-0,57%"
23.02.2004,"8,3163","8,3929","8,5157","8,2423","-1,01%"
24.02.2004,"8,3300","8,3235","8,4346","8,2375","0,16%"
25.02.2004,"8,3124","8,3135","8,4080","8,2090","-0,21%"
26.02.2004,"8,2736","8,2787","8,3386","8,1762","-0,47%"
27.02.2004,"8,2601","8,2444","8,3072","8,1887","-0,16%"
01.03.2004,"8,2477","8,2782","8,3435","8,1512","-0,15%"
02.03.2004,"8,3392","8,2380","8,3530","8,1258","1,11%"
03.03.2004,"8,3801","8,3442","8,4819","8,2789","0,49%"
04.03.2004,"8,3148","8,3117","8,4048","8,1912","-0,78%"
05.03.2004,"8,1701","8,2727","8,3966","8,0979","-1,74%"
08.03.2004,"8,1295","8,1500","8,2393","8,0769","-0,50%"
09.03.2004,"8,0630","8,0782","8,2269","8,0186","-0,82%"
10.03.2004,"8,1370","8,0313","8,2326","8,0307","0,92%"
11.03.2004,"8,1854","8,1055","8,2916","8,0850","0,59%"
12.03.2004,"8,2823","8,1900","8,3151","8,1068","1,18%"
15.03.2004,"8,2267","8,2294","8,3010","8,1169","-0,67%"
16.03.2004,"8,2656","8,1924","8,2858","8,1472","0,47%"
17.03.2004,"8,1883","8,2265","8,2974","8,1446","-0,94%"
18.03.2004,"8,2580","8,1786","8,2901","8,0873","0,85%"
19.03.2004,"8,1547","8,2236","8,2710","8,0890","-1,25%"
22.03.2004,"8,0242","8,1443","8,2040","7,9533","-1,60%"
23.03.2004,"8,0328","7,9866","8,1118","7,9183","0,11%"
24.03.2004,"8,0115","8,0165","8,0741","7,9427","-0,27%"
25.03.2004,"7,9924","7,9802","8,0737","7,9204","-0,24%"
26.03.2004,"7,9417","7,9752","8,0284","7,8934","-0,63%"
29.03.2004,"7,7267","7,8989","7,9689","7,6861","-2,71%"
30.03.2004,"7,7049","7,6941","7,8098","7,5459","-0,28%"
31.03.2004,"7,7354","7,6710","7,8072","7,6556","0,40%"
01.04.2004,"7,7939","7,7172","7,8899","7,6624","0,76%"
02.04.2004,"7,7539","7,7640","7,8752","7,6858","-0,51%"
05.04.2004,"7,7015","7,7141","7,8274","7,6377","-0,68%"
06.04.2004,"7,6652","7,6647","7,8375","7,6008","-0,47%"
07.04.2004,"7,6876","7,6452","7,7158","7,5776","0,29%"
08.04.2004,"7,5765","7,6556","7,7489","7,5435","-1,45%"
09.04.2004,"7,5598","7,5447","7,6806","7,4958","-0,22%"
12.04.2004,"7,6447","7,5277","7,6492","7,5184","1,12%"
13.04.2004,"7,8337","7,6110","7,8990","7,5277","2,47%"
14.04.2004,"7,9112","7,8019","7,9455","7,7143","0,99%"
15.04.2004,"7,7384","7,8744","7,9657","7,6068","-2,18%"
16.04.2004,"7,7195","7,7292","7,8620","7,6545","-0,24%"
19.04.2004,"7,8315","7,6955","7,8665","7,6792","1,45%"
20.04.2004,"7,7500","7,8193","7,8555","7,6967","-1,04%"
21.04.2004,"8,0349","7,7387","8,0946","7,6935","3,68%"
22.04.2004,"8,1433","7,9999","8,1743","7,9409","1,35%"
23.04.2004,"8,0261","8,1097","8,1581","7,8773","-1,44%"
26.04.2004,"7,9627","7,9566","8,0428","7,8386","-0,79%"
27.04.2004,"7,9530","7,9317","8,0165","7,8546","-0,12%"
28.04.2004,"8,2141","7,9195","8,2579","7,8665","3,28%"
29.04.2004,"8,2398","8,1887","8,3126","8,1220","0,31%"
30.04.2004,"8,3780","8,2089","8,4093","8,1374","1,68%"
03.05.2004,"8,3317","8,3556","8,3997","8,1926","-0,55%"
04.05.2004,"8,3773","8,3082","8,4107","8,2398","0,55%"
05.05.2004,"8,2502","8,3421","8,3800","8,1609","-1,52%"
06.05.2004,"8,3761","8,2229","8,3953","8,1931","1,53%"
07.05.2004,"8,3548","8,3390","8,3832","8,1909","-0,25%"
10.05.2004,"8,3155","8,3481","8,4871","8,2027","-0,47%"
11.05.2004,"8,1169","8,2782","8,3660","8,0736","-2,39%"
12.05.2004,"8,1959","8,1000","8,2414","8,0298","0,97%"
13.05.2004,"8,2258","8,1675","8,2789","8,1097","0,36%"
14.05.2004,"8,0259","8,1904","8,2402","7,9436","-2,43%"
17.05.2004,"8,1913","7,9768","8,2194","7,9421","2,06%"
18.05.2004,"8,1267","8,1328","8,2236","8,0371","-0,79%"
19.05.2004,"8,1223","8,1111","8,1532","8,0067","-0,05%"
20.05.2004,"8,0920","8,0922","8,1658","8,0014","-0,37%"
21.05.2004,"8,0772","8,0624","8,1794","8,0175","-0,18%"
24.05.2004,"8,0031","8,0539","8,0978","7,9308","-0,92%"
25.05.2004,"7,9917","7,9720","8,0638","7,9373","-0,14%"
26.05.2004,"7,9832","7,9598","8,0480","7,9245","-0,11%"
27.05.2004,"8,0414","7,9516","8,1077","7,9294","0,73%"
28.05.2004,"7,9530","8,0244","8,0819","7,8806","-1,10%"
31.05.2004,"7,9148","7,9289","8,0233","7,8683","-0,48%"
01.06.2004,"7,8690","7,9120","7,9868","7,7810","-0,58%"
02.06.2004,"7,9931","7,8355","8,0396","7,7433","1,58%"
03.06.2004,"7,9003","7,9583","8,0123","7,8341","-1,16%"
04.06.2004,"7,9174","7,8878","7,9584","7,8170","0,22%"
07.06.2004,"7,9610","7,8940","8,0500","7,8731","0,55%"
08.06.2004,"8,0695","7,9341","8,1179","7,9035","1,36%"
09.06.2004,"8,0153","8,0383","8,1017","7,9467","-0,67%"
10.06.2004,"7,8058","8,0053","8,0862","7,7797","-2,61%"
11.06.2004,"7,8210","7,7778","7,9153","7,7261","0,19%"
14.06.2004,"7,9844","7,7728","8,0097","7,7556","2,09%"
15.06.2004,"7,8810","7,9707","8,0107","7,7964","-1,30%"
16.06.2004,"7,8298","7,8675","7,9160","7,7534","-0,65%"
17.06.2004,"7,8539","7,8276","7,8825","7,7156","0,31%"
18.06.2004,"7,7934","7,8453","7,8780","7,6791","-0,77%"
21.06.2004,"7,6618","7,7627","7,7952","7,5590","-1,69%"
22.06.2004,"7,6312","7,6299","7,6876","7,5444","-0,40%"
23.06.2004,"7,5502","7,6063","7,6801","7,4877","-1,06%"
24.06.2004,"7,6898","7,5218","7,7415","7,4997","1,85%"
25.06.2004,"7,6754","7,6587","7,7368","7,5900","-0,19%"
28.06.2004,"7,5124","7,6434","7,7293","7,4550","-2,12%"
29.06.2004,"7,5516","7,4791","7,6119","7,4716","0,52%"
30.06.2004,"7,5017","7,5439","7,6550","7,4391","-0,66%"
01.07.2004,"7,5191","7,4578","7,6601","7,4279","0,23%"
02.07.2004,"7,5740","7,5136","7,6579","7,4686","0,73%"
05.07.2004,"7,5942","7,5417","7,6231","7,4617","0,27%"
06.07.2004,"7,6700","7,5590","7,7248","7,5430","1,00%"
07.07.2004,"7,5781","7,6377","7,6808","7,4733","-1,20%"
08.07.2004,"7,5012","7,5420","7,5781","7,4080","-1,01%"
09.07.2004,"7,5521","7,4582","7,5923","7,4310","0,68%"
12.07.2004,"7,5029","7,5199","7,6021","7,4358","-0,65%"
13.07.2004,"7,5232","7,4697","7,5506","7,4485","0,27%"
14.07.2004,"7,5082","7,5114","7,6202","7,4219","-0,20%"
15.07.2004,"7,5389","7,4736","7,5760","7,4513","0,41%"
16.07.2004,"7,4150","7,5083","7,5530","7,3172","-1,64%"
19.07.2004,"7,3449","7,3783","7,4338","7,2657","-0,95%"
20.07.2004,"7,3543","7,3111","7,4196","7,2961","0,13%"
21.07.2004,"7,4614","7,3234","7,5026","7,2988","1,46%"
22.07.2004,"7,4157","7,4399","7,4803","7,3518","-0,61%"
23.07.2004,"7,5044","7,3850","7,6145","7,3496","1,20%"
26.07.2004,"7,5715","7,4803","7,6139","7,4386","0,89%"
27.07.2004,"7,6179","7,5408","7,6578","7,4957","0,61%"
28.07.2004,"7,5525","7,6007","7,6753","7,5040","-0,86%"
29.07.2004,"7,5312","7,5258","7,6120","7,4803","-0,28%"
30.07.2004,"7,5290","7,5110","7,5816","7,4337","-0,03%"
02.08.2004,"7,6043","7,5304","7,6472","7,4569","1,00%"
03.08.2004,"7,5452","7,5739","7,6310","7,4897","-0,78%"
04.08.2004,"7,5269","7,5341","7,5926","7,4725","-0,24%"
05.08.2004,"7,5556","7,4934","7,5852","7,4535","0,38%"
06.08.2004,"7,5007","7,5229","7,6452","7,4641","-0,73%"
09.08.2004,"7,4744","7,4746","7,5626","7,4139","-0,35%"
10.08.2004,"7,5701","7,4413","7,6067","7,4172","1,28%"
11.08.2004,"7,5967","7,5501","7,6714","7,4988","0,35%"
12.08.2004,"7,8636","7,5624","7,9181","7,5202","3,51%"
13.08.2004,"8,0147","7,8798","8,0480","7,8240","1,92%"
16.08.2004,"8,1394","7,9714","8,2301","7,9365","1,56%"
17.08.2004,"8,0363","8,1420","8,2098","7,9406","-1,27%"
18.08.2004,"8,0262","8,0282","8,0723","7,9405","-0,13%"
19.08.2004,"8,1697","7,9879","8,2053","7,9510","1,79%"
20.08.2004,"8,0974","8,1697","8,2131","8,0326","-0,88%"
23.08.2004,"8,0998","8,0670","8,2372","8,0280","0,03%"
24.08.2004,"8,1258","8,0704","8,1940","8,0383","0,32%"
25.08.2004,"8,0654","8,0949","8,1561","8,0110","-0,74%"
26.08.2004,"7,9852","8,0352","8,0797","7,9146","-0,99%"
27.08.2004,"8,0453","7,9891","8,1472","7,9340","0,75%"
30.08.2004,"8,0840","8,0594","8,1558","8,0162","0,48%"
31.08.2004,"8,0983","8,0509","8,1526","8,0149","0,18%"
01.09.2004,"8,0709","8,0625","8,1358","7,9951","-0,34%"
02.09.2004,"7,9919","8,0370","8,1078","7,9043","-0,98%"
03.09.2004,"8,0324","7,9579","8,0892","7,9214","0,51%"
06.09.2004,"7,9992","7,9589","8,0462","7,9315","-0,41%"
07.09.2004,"8,0223","7,9701","8,0607","7,9486","0,29%"
08.09.2004,"8,0884","7,9914","8,1404","7,9522","0,82%"
09.09.2004,"8,1454","8,0706","8,1913","8,0329","0,70%"
10.09.2004,"8,0374","8,1214","8,2020","8,0019","-1,33%"
13.09.2004,"8,0336","8,0064","8,1038","7,9736","-0,05%"
14.09.2004,"7,9564","7,9800","8,0622","7,9160","-0,96%"
15.09.2004,"7,9916","7,9354","8,0546","7,9077","0,44%"
16.09.2004,"8,0059","7,9326","8,0111","7,9129","0,18%"
17.09.2004,"8,0000","7,9657","8,0495","7,9325","-0,07%"
20.09.2004,"7,9011","7,9348","7,9913","7,8258","-1,24%"
21.09.2004,"7,9507","7,8775","7,9703","7,8283","0,63%"
22.09.2004,"7,9748","7,9152","8,0336","7,8097","0,30%"
23.09.2004,"7,8752","7,8851","8,0270","7,8330","-1,25%"
24.09.2004,"7,8884","7,8483","7,9581","7,8131","0,17%"
27.09.2004,"7,8800","7,8346","7,9150","7,7999","-0,11%"
28.09.2004,"7,9036","7,8448","7,9531","7,7843","0,30%"
29.09.2004,"7,9422","7,8708","7,9939","7,8387","0,49%"
30.09.2004,"8,0219","7,9092","8,0792","7,8718","1,00%"
01.10.2004,"8,0389","7,9889","8,0872","7,9650","0,21%"
04.10.2004,"7,9407","7,9967","8,0393","7,8944","-1,22%"
05.10.2004,"8,0023","7,9052","8,0916","7,8825","0,78%"
06.10.2004,"8,0137","7,9702","8,0554","7,9332","0,14%"
07.10.2004,"8,1173","7,9876","8,1449","7,9626","1,29%"
08.10.2004,"8,1030","8,0816","8,1732","8,0683","-0,18%"
11.10.2004,"8,1170","8,0915","8,1600","8,0463","0,17%"
12.10.2004,"8,0760","8,0476","8,1437","8,0261","-0,51%"
13.10.2004,"8,0940","8,0872","8,1760","8,0318","0,22%"
14.10.2004,"8,0722","8,0660","8,1808","8,0203","-0,27%"
15.10.2004,"8,0139","8,0203","8,0979","7,9750","-0,72%"
18.10.2004,"7,9584","7,9898","8,0380","7,8998","-0,69%"
19.10.2004,"7,8811","7,9124","7,9851","7,8338","-0,97%"
20.10.2004,"7,9474","7,8467","7,9862","7,8076","0,84%"
21.10.2004,"7,8819","7,9009","7,9848","7,8009","-0,82%"
22.10.2004,"7,7827","7,8491","7,8986","7,7303","-1,26%"
25.10.2004,"7,9603","7,7653","8,0007","7,7532","2,28%"
26.10.2004,"7,9779","7,9289","8,0510","7,8877","0,22%"
27.10.2004,"7,8342","7,9369","7,9798","7,7833","-1,80%"
28.10.2004,"7,7699","7,8220","7,9387","7,6937","-0,82%"
29.10.2004,"7,8194","7,7198","7,8727","7,6913","0,64%"
01.11.2004,"7,7778","7,7836","7,8625","7,7325","-0,53%"
02.11.2004,"7,7689","7,7590","7,8705","7,7282","-0,11%"
03.11.2004,"7,7908","7,7958","7,8518","7,7092","0,28%"
04.11.2004,"7,8407","7,7849","7,8883","7,7501","0,64%"
05.11.2004,"7,8998","7,8048","7,9619","7,8042","0,75%"
08.11.2004,"8,0055","7,8462","8,0277","7,8414","1,34%"
09.11.2004,"7,9875","7,9724","8,0775","7,9120","-0,22%"
10.11.2004,"7,9983","7,9633","8,0762","7,9160","0,14%"
11.11.2004,"7,9928","7,9758","8,0660","7,9310","-0,07%"
12.11.2004,"7,9310","7,9637","8,0175","7,8597","-0,77%"
15.11.2004,"7,8262","7,8916","7,9668","7,7455","-1,32%"
16.11.2004,"7,8406","7,8046","7,9129","7,7839","0,18%"
17.11.2004,"7,7794","7,8113","7,8629","7,7345","-0,78%"
18.11.2004,"7,8163","7,7404","7,8951","7,7144","0,47%"
19.11.2004,"7,8028","7,7936","7,9030","7,7387","-0,17%"
22.11.2004,"7,8232","7,8269","7,8872","7,7446","0,26%"
23.11.2004,"7,8243","7,8134","7,9074","7,7560","0,01%"
24.11.2004,"7,8194","7,7877","7,8829","7,7588","-0,06%"
25.11.2004,"7,8262","7,7995","7,8464","7,7331","0,09%"
26.11.2004,"7,7429","7,7993","7,8601","7,6870","-1,06%"
29.11.2004,"7,6856","7,7022","7,7930","7,6068","-0,74%"
30.11.2004,"7,7237","7,6721","7,7710","7,6023","0,50%"
01.12.2004,"7,7006","7,6969","7,7707","7,6393","-0,30%"
02.12.2004,"7,7417","7,6867","7,8522","7,5854","0,53%"
03.12.2004,"7,6921","7,7206","7,8358","7,6176","-0,64%"
06.12.2004,"7,7122","7,6339","7,7702","7,6078","0,26%"
07.12.2004,"7,7735","7,6543","7,7952","7,6265","0,79%"
08.12.2004,"7,8095","7,7423","7,8787","7,6707","0,46%"
09.12.2004,"7,7317","7,7627","7,8694","7,6566","-1,00%"
10.12.2004,"7,6752","7,7221","7,8257","7,6025","-0,73%"
13.12.2004,"7,6327","7,6537","7,7274","7,5237","-0,55%"
14.12.2004,"7,6159","7,6027","7,6732","7,5335","-0,22%"
15.12.2004,"7,6702","7,5777","7,7344","7,5504","0,71%"
16.12.2004,"7,6498","7,6409","7,7298","7,5926","-0,27%"
17.12.2004,"7,6823","7,6521","7,7253","7,5917","0,42%"
20.12.2004,"7,6536","7,6627","7,7319","7,5819","-0,37%"
21.12.2004,"7,5745","7,6352","7,6881","7,5358","-1,03%"
22.12.2004,"7,5273","7,5557","7,6580","7,4822","-0,62%"
23.12.2004,"7,6172","7,5000","7,6662","7,4677","1,19%"
24.12.2004,"7,6691","7,5881","7,7152","7,5431","0,68%"
27.12.2004,"7,6453","7,6333","7,7060","7,5573","-0,31%"
28.12.2004,"7,6576","7,6104","7,7211","7,6009","0,16%"
29.12.2004,"7,6988","7,6172","7,8177","7,5727","0,54%"
30.12.2004,"7,7031","7,7090","7,7824","7,6227","0,06%"
31.12.2004,"7,6813","7,6691","7,7531","7,5758","-0,28%"
03.01.2005,"7,6106","7,6395","7,6858","7,5412","-0,92%"
04.01.2005,"7,7458","7,5836","7,8340","7,5314","1,78%"
05.01.2005,"7,8716","7,6885","7,9681","7,6764","1,62%"
06.01.2005,"8,0656","7,8090","8,1187","7,7842","2,46%"
07.01.2005,"7,9695","8,0321","8,0944","7,8667","-1,19%"
10.01.2005,"7,8569","7,9274","7,9804","7,7790","-1,41%"
11.01.2005,"7,8241","7,8272","7,9030","7,7531","-0,42%"
12.01.2005,"7,8990","7,7856","7,9882","7,7289","0,96%"
13.01.2005,"7,9785","7,8526","8,0188","7,8181","1,01%"
14.01.2005,"7,9163","7,9494","8,1038","7,7891","-0,78%"
17.01.2005,"7,8926","7,8957","7,9981","7,7987","-0,30%"
18.01.2005,"7,9364","7,8557","7,9689","7,7802","0,55%"
19.01.2005,"7,8684","7,9051","7,9594","7,7961","-0,86%"
20.01.2005,"7,8634","7,8302","7,9742","7,8048","-0,06%"
21.01.2005,"7,8030","7,8173","7,9036","7,7209","-0,77%"
24.01.2005,"7,7583","7,7440","7,8302","7,7018","-0,57%"
25.01.2005,"7,7481","7,7149","7,8190","7,6817","-0,13%"
26.01.2005,"7,7707","7,7166","7,8190","7,6924","0,29%"
27.01.2005,"7,7405","7,7345","7,7984","7,6865","-0,39%"
28.01.2005,"7,7493","7,7186","7,7799","7,6867","0,11%"
31.01.2005,"7,8061","7,7149","7,8068","7,6896","0,73%"
01.02.2005,"7,8547","7,7650","7,9223","7,7582","0,62%"
02.02.2005,"7,8555","7,8341","7,9002","7,7838","0,01%"
03.02.2005,"7,9502","7,8508","8,0296","7,7629","1,21%"
04.02.2005,"7,9436","7,9362","8,0220","7,8784","-0,08%"
07.02.2005,"7,9412","7,9305","7,9675","7,8682","-0,03%"
08.02.2005,"8,0046","7,9259","8,0168","7,8946","0,80%"
09.02.2005,"7,9740","7,9718","8,0252","7,9160","-0,38%"
10.02.2005,"7,8860","7,9422","8,0119","7,8427","-1,10%"
11.02.2005,"7,8386","7,8531","7,9124","7,7886","-0,60%"
14.02.2005,"7,8152","7,8324","7,9048","7,7688","-0,30%"
15.02.2005,"7,7495","7,8201","7,8995","7,7140","-0,84%"
16.02.2005,"7,7837","7,7446","7,8652","7,7001","0,44%"
17.02.2005,"7,7544","7,7365","7,8331","7,7203","-0,38%"
18.02.2005,"7,7336","7,7236","7,8270","7,6859","-0,27%"
21.02.2005,"7,7492","7,6960","7,8065","7,6895","0,20%"
22.02.2005,"7,6608","7,7164","7,7942","7,5740","-1,14%"
23.02.2005,"7,6615","7,6199","7,7407","7,6013","0,01%"
24.02.2005,"7,6836","7,6255","7,7569","7,6129","0,29%"
25.02.2005,"7,6780","7,6465","7,7703","7,6304","-0,07%"
28.02.2005,"7,6944","7,6473","7,7509","7,6241","0,21%"
01.03.2005,"7,7111","7,6607","7,7717","7,6293","0,22%"
02.03.2005,"7,7506","7,6765","7,7904","7,6438","0,51%"
03.03.2005,"7,8170","7,7253","7,8741","7,7150","0,86%"
04.03.2005,"7,7155","7,7796","7,8791","7,6757","-1,30%"
07.03.2005,"7,7287","7,7324","7,8199","7,6859","0,17%"
08.03.2005,"7,7351","7,7014","7,7923","7,6614","0,08%"
09.03.2005,"7,7151","7,6972","7,7927","7,6342","-0,26%"
10.03.2005,"7,8194","7,6848","7,9064","7,6713","1,35%"
11.03.2005,"7,8736","7,8048","7,9109","7,7560","0,69%"
14.03.2005,"7,9851","7,8642","8,0353","7,7949","1,42%"
15.03.2005,"8,1318","7,9657","8,1515","7,9323","1,84%"
16.03.2005,"8,1474","8,1027","8,2371","8,0634","0,19%"
17.03.2005,"8,0828","8,1267","8,3023","8,0232","-0,79%"
18.03.2005,"8,0689","8,0519","8,1828","7,9469","-0,17%"
21.03.2005,"8,0673","8,0325","8,1625","7,9649","-0,02%"
22.03.2005,"8,0911","8,0137","8,1362","7,9378","0,30%"
23.03.2005,"8,0841","8,1039","8,1893","7,9723","-0,09%"
24.03.2005,"8,0626","8,0720","8,1411","7,9841","-0,27%"
25.03.2005,"8,0511","8,0138","8,1012","8,0028","-0,14%"
28.03.2005,"8,1768","8,0261","8,2436","7,9922","1,56%"
29.03.2005,"8,1962","8,1613","8,2833","8,1169","0,24%"
30.03.2005,"8,1286","8,1597","8,2401","8,0677","-0,82%"
31.03.2005,"8,0964","8,0810","8,1454","8,0111","-0,40%"
01.04.2005,"8,0481","8,0838","8,1153","7,9449","-0,60%"
04.04.2005,"8,0067","8,0114","8,0833","7,9384","-0,51%"
05.04.2005,"7,9660","7,9755","8,0867","7,9043","-0,51%"
06.04.2005,"7,8951","7,9317","8,0071","7,8059","-0,89%"
07.04.2005,"7,8865","7,8579","7,9536","7,8320","-0,11%"
08.04.2005,"7,9670","7,8584","7,9933","7,7940","1,02%"
11.04.2005,"7,9806","7,9237","8,0081","7,8273","0,17%"
12.04.2005,"7,9272","7,9688","8,0468","7,8892","-0,67%"
13.04.2005,"7,9032","7,8917","7,9531","7,8535","-0,30%"
14.04.2005,"8,0336","7,8677","8,0943","7,8507","1,65%"
15.04.2005,"8,1058","7,9895","8,1721","7,9864","0,90%"
18.04.2005,"8,1582","8,0700","8,2043","8,0224","0,65%"
19.04.2005,"8,0544","8,1304","8,1846","8,0164","-1,27%"
20.04.2005,"7,9583","8,0413","8,1084","7,9058","-1,19%"
21.04.2005,"7,9535","7,9313","8,0225","7,8862","-0,06%"
22.04.2005,"7,9120","7,9040","7,9943","7,8270","-0,52%"
25.04.2005,"7,8852","7,8764","7,9222","7,8116","-0,34%"
26.04.2005,"7,9185","7,8416","7,9978","7,8363","0,42%"
27.04.2005,"7,8517","7,8872","7,9522","7,8166","-0,84%"
28.04.2005,"7,9029","7,8256","7,9694","7,7963","0,65%"
29.04.2005,"7,8285","7,8860","7,9563","7,7810","-0,94%"
02.05.2005,"7,8346","7,8061","7,8917","7,7596","0,08%"
03.05.2005,"7,8582","7,8025","7,9319","7,7736","0,30%"
04.05.2005,"7,7540","7,8283","7,9173","7,7075","-1,33%"
05.05.2005,"7,7168","7,7361","7,8079","7,6535","-0,48%"
06.05.2005,"7,7328","7,7069","7,8352","7,6646","0,21%"
09.05.2005,"7,8779","7,7207","7,9140","7,6283","1,88%"
10.05.2005,"7,9301","7,8433","8,0052","7,8198","0,66%"
11.05.2005,"7,9207","7,9077","8,0061","7,8674","-0,12%"
12.05.2005,"7,9610","7,9372","8,0237","7,8761","0,51%"
13.05.2005,"7,9818","7,9290","8,0564","7,9150","0,26%"
16.05.2005,"8,0561","7,9531","8,0906","7,9078","0,93%"
17.05.2005,"8,1126","8,0444","8,1792","8,0011","0,70%"
18.05.2005,"8,0892","8,0815","8,1424","8,0397","-0,29%"
19.05.2005,"8,0825","8,0854","8,1526","7,9711","-0,08%"
20.05.2005,"8,1920","8,0524","8,2326","8,0163","1,35%"
23.05.2005,"8,2217","8,1908","8,2811","8,1538","0,36%"
24.05.2005,"8,2743","8,1811","8,3150","8,1344","0,64%"
25.05.2005,"8,1737","8,2436","8,3051","8,1225","-1,22%"
26.05.2005,"8,2984","8,1486","8,3351","8,1176","1,53%"
27.05.2005,"8,2429","8,2573","8,3496","8,2092","-0,67%"
30.05.2005,"8,2980","8,2335","8,3267","8,1972","0,67%"
31.05.2005,"8,3853","8,2762","8,4371","8,2222","1,05%"
01.06.2005,"8,4294","8,3539","8,5341","8,3079","0,53%"
02.06.2005,"8,3289","8,4026","8,4815","8,3024","-1,19%"
03.06.2005,"8,3633","8,3278","8,4668","8,2787","0,41%"
06.06.2005,"8,2330","8,3440","8,3957","8,1938","-1,56%"
07.06.2005,"8,1546","8,2219","8,2919","8,0792","-0,95%"
08.06.2005,"8,2971","8,1356","8,3317","8,0980","1,75%"
09.06.2005,"8,2674","8,2649","8,4058","8,2026","-0,36%"
10.06.2005,"8,1630","8,2341","8,3156","8,1215","-1,26%"
13.06.2005,"8,2843","8,1749","8,3403","8,1236","1,49%"
14.06.2005,"8,2976","8,2572","8,4216","8,2268","0,16%"
15.06.2005,"8,1985","8,2639","8,3350","8,1510","-1,19%"
16.06.2005,"8,1195","8,1824","8,2416","8,0673","-0,96%"
17.06.2005,"8,2208","8,0808","8,2228","8,0399","1,25%"
20.06.2005,"8,1454","8,0949","8,2001","8,0582","-0,92%"
21.06.2005,"8,1681","8,1540","8,2257","8,1020","0,28%"
22.06.2005,"8,1456","8,1376","8,2319","8,0944","-0,28%"
23.06.2005,"8,1391","8,1271","8,2099","8,0846","-0,08%"
24.06.2005,"8,1100","8,1182","8,1748","8,0264","-0,36%"
27.06.2005,"8,0597","8,0815","8,1459","8,0088","-0,62%"
28.06.2005,"8,0199","8,0383","8,1124","7,9788","-0,49%"
29.06.2005,"8,0518","7,9954","8,1527","7,9810","0,40%"
30.06.2005,"8,0663","8,0212","8,1037","7,9822","0,18%"
01.07.2005,"8,1849","8,0477","8,2089","8,0108","1,47%"
04.07.2005,"8,1235","8,1562","8,2070","8,0801","-0,75%"
05.07.2005,"8,1639","8,1197","8,2199","8,0906","0,50%"
06.07.2005,"8,1665","8,1567","8,2192","8,0667","0,03%"
07.07.2005,"8,1839","8,1780","8,2533","8,0710","0,21%"
08.07.2005,"8,2068","8,1658","8,2960","8,1218","0,28%"
11.07.2005,"8,0869","8,1805","8,2537","8,0151","-1,46%"
12.07.2005,"7,9876","8,0708","8,1557","7,9307","-1,23%"
13.07.2005,"8,0665","7,9916","8,0827","7,8868","0,99%"
14.07.2005,"7,9943","8,0461","8,1178","7,9263","-0,90%"
15.07.2005,"7,9763","7,9862","8,0414","7,9273","-0,23%"
18.07.2005,"8,0105","7,9550","8,0798","7,9445","0,43%"
19.07.2005,"8,0340","7,9967","8,0935","7,9540","0,29%"
20.07.2005,"7,9967","8,0272","8,0937","7,9600","-0,46%"
21.07.2005,"7,9950","8,0072","8,0836","7,9188","-0,02%"
22.07.2005,"7,9892","7,9917","8,0618","7,9332","-0,07%"
25.07.2005,"8,0266","7,9490","8,0989","7,9210","0,47%"
26.07.2005,"8,0417","7,9870","8,1056","7,9409","0,19%"
27.07.2005,"8,0213","8,0143","8,0795","7,9299","-0,25%"
28.07.2005,"8,0223","7,9865","8,0446","7,9484","0,01%"
29.07.2005,"7,9840","7,9995","8,0565","7,9267","-0,48%"
01.08.2005,"7,9672","7,9520","8,0358","7,9026","-0,21%"
02.08.2005,"7,9605","7,9260","8,0182","7,8997","-0,08%"
03.08.2005,"7,9367","7,9363","7,9925","7,8923","-0,30%"
04.08.2005,"7,9828","7,9165","8,0050","7,8716","0,58%"
05.08.2005,"7,9933","7,9772","8,0115","7,9203","0,13%"
08.08.2005,"7,9817","7,9673","8,0698","7,9313","-0,15%"
09.08.2005,"7,9718","7,9479","8,0271","7,9290","-0,12%"
10.08.2005,"7,9150","7,9647","8,0168","7,8377","-0,71%"
11.08.2005,"7,8823","7,8702","7,9567","7,8350","-0,41%"
12.08.2005,"7,9035","7,8758","7,9596","7,8354","0,27%"
15.08.2005,"7,9570","7,8791","7,9934","7,8457","0,68%"
16.08.2005,"7,9680","7,9155","7,9850","7,8893","0,14%"
17.08.2005,"7,9715","7,9411","8,0068","7,8675","0,04%"
18.08.2005,"7,9686","7,9414","7,9939","7,9035","-0,04%"
19.08.2005,"7,9758","7,9381","8,0004","7,9018","0,09%"
22.08.2005,"7,9385","7,9411","7,9875","7,8654","-0,47%"
23.08.2005,"7,9319","7,9192","7,9838","7,8774","-0,08%"
24.08.2005,"7,9571","7,8980","7,9822","7,8652","0,32%"
25.08.2005,"7,9500","7,9387","7,9961","7,8892","-0,09%"
26.08.2005,"7,9519","7,9332","7,9904","7,9097","0,02%"
29.08.2005,"7,9177","7,9232","8,0007","7,8677","-0,43%"
30.08.2005,"7,9954","7,8697","8,0061","7,8632","0,98%"
31.08.2005,"7,8696","7,9643","8,0306","7,8044","-1,57%"
01.09.2005,"7,8582","7,8470","7,9374","7,8055","-0,14%"
02.09.2005,"7,8134","7,8631","7,9007","7,7850","-0,57%"
05.09.2005,"7,8555","7,8356","7,9424","7,7567","0,54%"
06.09.2005,"7,8788","7,8251","7,9347","7,7838","0,30%"
07.09.2005,"7,8804","7,8492","7,9574","7,8134","0,02%"
08.09.2005,"7,8536","7,8412","7,9002","7,7818","-0,34%"
09.09.2005,"7,8068","7,8076","7,8923","7,7674","-0,60%"
12.09.2005,"7,8401","7,7717","7,8879","7,7522","0,43%"
13.09.2005,"7,8251","7,8315","7,8836","7,7840","-0,19%"
14.09.2005,"7,8076","7,7902","7,8745","7,7628","-0,22%"
15.09.2005,"7,7772","7,7849","7,8527","7,7302","-0,39%"
16.09.2005,"7,7849","7,7500","7,8525","7,6817","0,10%"
19.09.2005,"7,7790","7,7643","7,8735","7,7237","-0,08%"
20.09.2005,"7,7613","7,7598","7,8337","7,7115","-0,23%"
21.09.2005,"7,7761","7,7326","7,8295","7,7239","0,19%"
22.09.2005,"7,7118","7,7256","7,8179","7,6465","-0,83%"
23.09.2005,"7,6614","7,6820","7,7523","7,6200","-0,65%"
26.09.2005,"7,6833","7,6349","7,7538","7,6087","0,29%"
27.09.2005,"7,7310","7,6784","7,7947","7,6251","0,62%"
28.09.2005,"7,6848","7,7201","7,7860","7,6223","-0,60%"
29.09.2005,"7,6597","7,6653","7,7319","7,6134","-0,33%"
30.09.2005,"7,6578","7,6151","7,7200","7,5853","-0,02%"
03.10.2005,"7,6728","7,6195","7,6953","7,5954","0,20%"
04.10.2005,"7,6814","7,6354","7,7255","7,6085","0,11%"
05.10.2005,"7,8144","7,6507","7,8494","7,6362","1,73%"
06.10.2005,"7,9635","7,8022","8,0147","7,7750","1,91%"
07.10.2005,"7,9315","7,9420","8,0207","7,8732","-0,40%"
10.10.2005,"7,8424","7,9124","7,9740","7,7941","-1,12%"
11.10.2005,"7,8484","7,8175","7,9146","7,7941","0,08%"
12.10.2005,"7,9043","7,8163","7,9322","7,7805","0,71%"
13.10.2005,"7,9308","7,8848","7,9992","7,8149","0,34%"
14.10.2005,"7,9038","7,9131","7,9831","7,8545","-0,34%"
17.10.2005,"7,8707","7,8780","7,9423","7,7903","-0,42%"
18.10.2005,"7,8775","7,8154","7,9179","7,8009","0,09%"
19.10.2005,"7,8844","7,8471","7,9312","7,8076","0,09%"
20.10.2005,"7,9612","7,8695","7,9879","7,8136","0,97%"
21.10.2005,"7,9000","7,9306","8,0206","7,8578","-0,77%"
24.10.2005,"7,9418","7,8963","7,9953","7,8266","0,53%"
25.10.2005,"8,0107","7,9110","8,0534","7,8705","0,87%"
26.10.2005,"8,0805","7,9852","8,1283","7,9209","0,87%"
27.10.2005,"8,1522","8,0454","8,2077","8,0329","0,89%"
28.10.2005,"8,0983","8,1016","8,1909","8,0345","-0,66%"
31.10.2005,"8,0429","8,0414","8,1223","7,9747","-0,68%"
01.11.2005,"8,0248","8,0143","8,0910","7,9406","-0,23%"
02.11.2005,"8,0141","7,9982","8,0650","7,9418","-0,13%"
03.11.2005,"7,9299","7,9779","8,0589","7,8823","-1,05%"
04.11.2005,"7,9013","7,9080","7,9901","7,8571","-0,36%"
07.11.2005,"7,9547","7,8438","8,0339","7,8405","0,68%"
08.11.2005,"7,9323","7,9198","7,9784","7,8547","-0,28%"
09.11.2005,"7,9480","7,9051","7,9701","7,8586","0,20%"
10.11.2005,"7,9026","7,9296","7,9898","7,8604","-0,57%"
11.11.2005,"7,9217","7,8854","7,9733","7,8606","0,24%"
14.11.2005,"7,9220","7,9124","7,9713","7,8534","0,00%"
15.11.2005,"7,9481","7,9039","7,9848","7,8784","0,33%"
16.11.2005,"7,8506","7,9243","7,9848","7,8092","-1,23%"
17.11.2005,"7,8802","7,8266","7,9297","7,7818","0,38%"
18.11.2005,"7,8642","7,8413","7,9200","7,8080","-0,20%"
21.11.2005,"7,7809","7,8415","7,9019","7,7469","-1,06%"
22.11.2005,"7,7971","7,7667","7,8365","7,7032","0,21%"
23.11.2005,"7,7280","7,7709","7,8464","7,6761","-0,89%"
24.11.2005,"7,6946","7,7027","7,7577","7,6440","-0,43%"
25.11.2005,"7,6333","7,6762","7,7287","7,5777","-0,80%"
28.11.2005,"7,6856","7,5924","7,7275","7,5732","0,69%"
29.11.2005,"7,6425","7,6565","7,7058","7,5818","-0,56%"
30.11.2005,"7,6220","7,6191","7,6852","7,5712","-0,27%"
01.12.2005,"7,5710","7,5967","7,6601","7,5181","-0,67%"
02.12.2005,"7,4500","7,5530","7,5934","7,3900","-1,60%"
05.12.2005,"7,4561","7,4416","7,5229","7,3873","0,08%"
06.12.2005,"7,4091","7,4319","7,4983","7,3613","-0,63%"
07.12.2005,"7,4262","7,3762","7,4612","7,3415","0,23%"
08.12.2005,"7,4998","7,3836","7,5490","7,3710","0,99%"
09.12.2005,"7,5389","7,4719","7,5666","7,4382","0,52%"
12.12.2005,"7,5614","7,4921","7,5897","7,4827","0,30%"
13.12.2005,"7,5373","7,5351","7,6189","7,4550","-0,32%"
14.12.2005,"7,6099","7,4944","7,6546","7,4874","0,96%"
15.12.2005,"7,7290","7,5876","7,7485","7,5537","1,57%"
16.12.2005,"7,7133","7,7023","7,7750","7,6370","-0,20%"
19.12.2005,"7,6408","7,6726","7,7655","7,5774","-0,94%"
20.12.2005,"7,5480","7,6124","7,6633","7,4931","-1,21%"
21.12.2005,"7,5325","7,5165","7,6268","7,4928","-0,21%"
22.12.2005,"7,5547","7,5123","7,6152","7,4897","0,29%"
23.12.2005,"7,5597","7,5296","7,6063","7,4714","0,07%"
26.12.2005,"7,5297","7,5186","7,5858","7,4898","-0,40%"
27.12.2005,"7,5365","7,4979","7,5884","7,4723","0,09%"
28.12.2005,"7,5052","7,5154","7,5878","7,4548","-0,42%"
29.12.2005,"7,4884","7,4809","7,5540","7,4423","-0,22%"
30.12.2005,"7,4933","7,4670","7,5595","7,4134","0,07%"
02.01.2006,"7,4989","7,4854","7,5389","7,4510","0,07%"
03.01.2006,"7,4760","7,4685","7,5645","7,4556","-0,31%"
04.01.2006,"7,4528","7,4552","7,5288","7,3873","-0,31%"
05.01.2006,"7,4594","7,4275","7,5320","7,3898","0,09%"
06.01.2006,"7,3836","7,4332","7,4931","7,3453","-1,02%"
09.01.2006,"7,2954","7,3611","7,4398","7,2589","-1,19%"
10.01.2006,"7,3301","7,2788","7,4005","7,2499","0,48%"
11.01.2006,"7,2692","7,3090","7,4446","7,2350","-0,83%"
12.01.2006,"7,2815","7,2388","7,3697","7,2168","0,17%"
13.01.2006,"7,3068","7,2547","7,3834","7,2192","0,35%"
16.01.2006,"7,2791","7,3009","7,3593","7,2073","-0,38%"
17.01.2006,"7,2920","7,2569","7,3220","7,2214","0,18%"
18.01.2006,"7,3255","7,2503","7,3956","7,2389","0,46%"
19.01.2006,"7,2229","7,3072","7,3636","7,1884","-1,40%"
20.01.2006,"7,2956","7,2023","7,3199","7,1785","1,01%"
23.01.2006,"7,3306","7,2591","7,4036","7,2542","0,48%"
24.01.2006,"7,3947","7,3104","7,4749","7,2844","0,87%"
25.01.2006,"7,4048","7,3575","7,4542","7,3369","0,14%"
26.01.2006,"7,4530","7,3789","7,5070","7,3514","0,65%"
27.01.2006,"7,4339","7,4078","7,5023","7,3839","-0,26%"
30.01.2006,"7,3930","7,3962","7,5126","7,3315","-0,55%"
31.01.2006,"7,3647","7,3593","7,4338","7,3240","-0,38%"
01.02.2006,"7,3569","7,3376","7,4265","7,3071","-0,11%"
02.02.2006,"7,3411","7,3403","7,4329","7,3048","-0,21%"
03.02.2006,"7,3049","7,3151","7,3803","7,2647","-0,49%"
06.02.2006,"7,3035","7,3064","7,3903","7,2541","-0,02%"
07.02.2006,"7,4135","7,2838","7,4392","7,2711","1,51%"
08.02.2006,"7,3849","7,4102","7,4819","7,3511","-0,39%"
09.02.2006,"7,3132","7,3654","7,4343","7,2562","-0,97%"
10.02.2006,"7,2998","7,2832","7,3749","7,2535","-0,18%"
13.02.2006,"7,3398","7,2590","7,3976","7,2517","0,55%"
14.02.2006,"7,2986","7,3119","7,3873","7,2499","-0,56%"
15.02.2006,"7,2233","7,2759","7,3546","7,1709","-1,03%"
16.02.2006,"7,2048","7,2059","7,2807","7,1648","-0,26%"
17.02.2006,"7,1672","7,1841","7,2277","7,1191","-0,52%"
20.02.2006,"7,1783","7,1341","7,2415","7,1323","0,15%"
21.02.2006,"7,2118","7,1492","7,2661","7,1419","0,47%"
22.02.2006,"7,2348","7,1948","7,3203","7,1763","0,32%"
23.02.2006,"7,2779","7,2063","7,3064","7,1501","0,60%"
24.02.2006,"7,2496","7,2784","7,3159","7,1944","-0,39%"
27.02.2006,"7,3149","7,2164","7,3800","7,1802","0,90%"
28.02.2006,"7,3497","7,3024","7,3993","7,2728","0,48%"
01.03.2006,"7,3495","7,3329","7,3810","7,2987","-0,00%"
02.03.2006,"7,3462","7,3189","7,3978","7,2797","-0,04%"
03.03.2006,"7,4332","7,3059","7,5099","7,2511","1,18%"
06.03.2006,"7,4779","7,4535","7,5612","7,4036","0,60%"
07.03.2006,"7,4377","7,4806","7,5975","7,4019","-0,54%"
08.03.2006,"7,5164","7,4015","7,5806","7,3795","1,06%"
09.03.2006,"7,4757","7,4906","7,5457","7,4005","-0,54%"
10.03.2006,"7,4497","7,4334","7,5461","7,3865","-0,35%"
13.03.2006,"7,4739","7,4355","7,5267","7,3709","0,32%"
14.03.2006,"7,4806","7,4564","7,5831","7,4343","0,09%"
15.03.2006,"7,4768","7,4492","7,5281","7,4071","-0,05%"
16.03.2006,"7,5257","7,4429","7,5631","7,4130","0,65%"
17.03.2006,"7,5746","7,4947","7,6098","7,4821","0,65%"
20.03.2006,"7,6692","7,5272","7,7111","7,5144","1,25%"
21.03.2006,"7,6832","7,6439","7,7341","7,5980","0,18%"
22.03.2006,"7,6155","7,6732","7,7515","7,5704","-0,88%"
23.03.2006,"7,5713","7,5789","7,6285","7,4982","-0,58%"
24.03.2006,"7,5381","7,5518","7,6286","7,4967","-0,44%"
27.03.2006,"7,5376","7,5051","7,5734","7,4777","-0,01%"
28.03.2006,"7,5509","7,5225","7,6209","7,4855","0,18%"
29.03.2006,"7,5719","7,5270","7,6590","7,4868","0,28%"
30.03.2006,"7,5125","7,5301","7,6131","7,4702","-0,78%"
31.03.2006,"7,4717","7,4894","7,5542","7,4010","-0,54%"
03.04.2006,"7,4139","7,4617","7,5074","7,3650","-0,77%"
04.04.2006,"7,4047","7,3945","7,4502","7,3264","-0,12%"
05.04.2006,"7,4084","7,3860","7,4616","7,3547","0,05%"
06.04.2006,"7,4099","7,4010","7,4692","7,3234","0,02%"
07.04.2006,"7,4299","7,4084","7,4547","7,3342","0,27%"
10.04.2006,"7,4550","7,3919","7,4679","7,3550","0,34%"
11.04.2006,"7,4327","7,4271","7,4691","7,3659","-0,30%"
12.04.2006,"7,4031","7,4175","7,4755","7,3677","-0,40%"
13.04.2006,"7,4322","7,3961","7,4499","7,3665","0,39%"
14.04.2006,"7,4052","7,4103","7,4360","7,3732","-0,36%"
17.04.2006,"7,4437","7,3944","7,4909","7,3719","0,52%"
18.04.2006,"7,3889","7,4149","7,4726","7,3380","-0,74%"
19.04.2006,"7,3726","7,3648","7,4310","7,3157","-0,22%"
20.04.2006,"7,4783","7,3543","7,5318","7,3298","1,43%"
21.04.2006,"7,3721","7,4377","7,4913","7,3411","-1,42%"
24.04.2006,"7,5008","7,3787","7,5389","7,3411","1,75%"
25.04.2006,"7,5739","7,4714","7,6093","7,4483","0,97%"
26.04.2006,"7,6602","7,5500","7,7275","7,5205","1,14%"
27.04.2006,"7,7294","7,6418","7,7719","7,6121","0,90%"
28.04.2006,"7,5854","7,6978","7,7496","7,5426","-1,86%"
01.05.2006,"7,5746","7,5718","7,6119","7,5158","-0,14%"
02.05.2006,"7,6266","7,5414","7,7131","7,5252","0,69%"
03.05.2006,"7,6354","7,5930","7,6764","7,5605","0,12%"
04.05.2006,"7,6623","7,6248","7,7535","7,5901","0,35%"
05.05.2006,"7,7014","7,6299","7,7336","7,6219","0,51%"
08.05.2006,"7,6949","7,7173","7,7552","7,6578","-0,08%"
09.05.2006,"7,6901","7,6569","7,7530","7,6472","-0,06%"
10.05.2006,"7,7514","7,6866","7,7979","7,6512","0,80%"
11.05.2006,"7,8202","7,7427","7,8364","7,6739","0,89%"
12.05.2006,"8,0864","7,8136","8,0914","7,7814","3,40%"
15.05.2006,"8,2117","8,0834","8,3385","8,0602","1,55%"
16.05.2006,"8,1989","8,1958","8,2724","8,1106","-0,16%"
17.05.2006,"8,2128","8,1867","8,2294","7,9808","0,17%"
18.05.2006,"8,3088","8,1975","8,3488","8,1336","1,17%"
19.05.2006,"8,2631","8,2529","8,3691","8,1288","-0,55%"
22.05.2006,"8,4241","8,2451","8,5198","8,2204","1,95%"
23.05.2006,"8,5044","8,3822","8,5250","8,2651","0,95%"
24.05.2006,"8,4217","8,4694","8,6085","8,3761","-0,97%"
25.05.2006,"8,3495","8,3900","8,4997","8,2816","-0,86%"
26.05.2006,"8,3098","8,3285","8,4573","8,2577","-0,48%"
29.05.2006,"8,3131","8,2739","8,3611","8,2155","0,04%"
30.05.2006,"8,6320","8,2856","8,7317","8,2708","3,84%"
31.05.2006,"8,6291","8,6211","8,6975","8,4774","-0,03%"
01.06.2006,"8,4616","8,6007","8,6773","8,3468","-1,94%"
02.06.2006,"8,6128","8,4354","8,6791","8,4263","1,79%"
05.06.2006,"8,6169","8,5842","8,6680","8,5211","0,05%"
06.06.2006,"8,6788","8,5786","8,7631","8,5454","0,72%"
07.06.2006,"8,6137","8,6714","8,7114","8,5416","-0,75%"
08.06.2006,"8,5361","8,6027","8,7769","8,4782","-0,90%"
09.06.2006,"8,5520","8,4970","8,5698","8,3796","0,19%"
12.06.2006,"8,5465","8,4918","8,5793","8,4176","-0,06%"
13.06.2006,"8,5920","8,4915","8,6377","8,4888","0,53%"
14.06.2006,"8,6407","8,5934","8,7296","8,5340","0,57%"
15.06.2006,"8,6790","8,5966","8,7875","8,5496","0,44%"
16.06.2006,"8,7045","8,6680","8,7523","8,6000","0,29%"
19.06.2006,"8,8006","8,6909","8,8289","8,6091","1,10%"
20.06.2006,"8,9104","8,7901","8,9603","8,7425","1,25%"
21.06.2006,"9,0333","8,8829","9,1450","8,8595","1,38%"
22.06.2006,"9,2232","9,0034","9,3542","8,9309","2,10%"
23.06.2006,"9,2871","9,2454","9,4512","9,1584","0,69%"
26.06.2006,"9,3064","9,2665","9,4431","9,1960","0,21%"
27.06.2006,"9,1656","9,2829","9,3163","9,0719","-1,51%"
28.06.2006,"9,0866","9,1751","9,2395","8,9944","-0,86%"
29.06.2006,"9,0326","9,0667","9,2452","8,9705","-0,59%"
30.06.2006,"9,1697","9,0111","9,2051","8,9893","1,52%"
03.07.2006,"8,9969","9,1526","9,1934","8,9572","-1,88%"
04.07.2006,"9,0154","8,9606","9,0562","8,9314","0,21%"
05.07.2006,"9,2465","8,9942","9,2769","8,9460","2,56%"
06.07.2006,"9,1711","9,2227","9,3122","9,1042","-0,82%"
07.07.2006,"9,1456","9,1483","9,2267","9,0522","-0,28%"
10.07.2006,"9,0800","9,0951","9,1643","9,0065","-0,72%"
11.07.2006,"9,0880","9,0380","9,1574","8,9824","0,09%"
12.07.2006,"9,1028","9,0433","9,1415","8,9803","0,16%"
13.07.2006,"9,2088","9,0678","9,2127","9,0451","1,16%"
14.07.2006,"9,1296","9,1375","9,2163","9,0369","-0,86%"
17.07.2006,"9,0936","9,0824","9,1724","9,0026","-0,39%"
18.07.2006,"8,9781","9,0725","9,0888","8,8896","-1,27%"
19.07.2006,"8,8838","8,9364","9,0476","8,8416","-1,05%"
20.07.2006,"8,7954","8,8887","8,9654","8,7512","-1,00%"
21.07.2006,"8,9425","8,7884","8,9482","8,7294","1,67%"
24.07.2006,"8,8645","8,9230","8,9992","8,7982","-0,87%"
25.07.2006,"8,8219","8,8346","8,8967","8,7483","-0,48%"
26.07.2006,"8,8425","8,8046","8,8938","8,7534","0,23%"
27.07.2006,"8,6985","8,8503","8,8849","8,6355","-1,63%"
28.07.2006,"8,7784","8,6573","8,8302","8,6392","0,92%"
31.07.2006,"8,8514","8,7683","8,9044","8,6962","0,83%"
01.08.2006,"8,9056","8,8242","8,9493","8,7651","0,61%"
02.08.2006,"8,8432","8,8792","8,9418","8,7484","-0,70%"
03.08.2006,"8,7910","8,8051","8,8704","8,7132","-0,59%"
04.08.2006,"8,7771","8,7538","8,8481","8,7262","-0,16%"
07.08.2006,"8,7447","8,7591","8,8195","8,6683","-0,37%"
08.08.2006,"8,7318","8,7013","8,8175","8,6651","-0,15%"
09.08.2006,"8,6642","8,6926","8,7775","8,6270","-0,77%"
10.08.2006,"8,6546","8,6368","8,7439","8,6063","-0,11%"
11.08.2006,"8,6458","8,6460","8,7172","8,5728","-0,10%"
14.08.2006,"8,7306","8,6149","8,7629","8,5901","0,98%"
15.08.2006,"8,7697","8,7012","8,8171","8,6696","0,45%"
16.08.2006,"8,6984","8,7436","8,8314","8,6230","-0,81%"
17.08.2006,"8,7506","8,6413","8,7815","8,6312","0,60%"
18.08.2006,"9,0224","8,7045","9,0515","8,6990","3,11%"
21.08.2006,"9,0743","8,9974","9,1323","8,9631","0,58%"
22.08.2006,"9,1303","9,0504","9,2003","9,0113","0,62%"
23.08.2006,"9,1623","9,1209","9,2070","9,0104","0,35%"
24.08.2006,"9,1422","9,1263","9,1963","9,0830","-0,22%"
25.08.2006,"9,1398","9,1022","9,1910","9,0064","-0,03%"
28.08.2006,"9,1426","9,1489","9,2444","9,1079","0,03%"
29.08.2006,"9,1150","9,1526","9,2406","9,0568","-0,30%"
30.08.2006,"9,1012","9,0870","9,1564","9,0351","-0,15%"
31.08.2006,"9,2246","9,0861","9,2767","9,0307","1,36%"
01.09.2006,"9,2891","9,1717","9,3130","9,1385","0,70%"
04.09.2006,"9,2280","9,2669","9,3117","9,1628","-0,66%"
05.09.2006,"9,1965","9,1988","9,2757","9,1300","-0,34%"
06.09.2006,"9,3880","9,1642","9,4112","9,1455","2,08%"
07.09.2006,"9,3648","9,3528","9,5437","9,3100","-0,25%"
08.09.2006,"9,3618","9,3493","9,4335","9,2866","-0,03%"
11.09.2006,"9,3561","9,3628","9,5336","9,2979","-0,06%"
12.09.2006,"9,3288","9,3181","9,3953","9,2434","-0,29%"
13.09.2006,"9,2924","9,2865","9,3728","9,2271","-0,39%"
14.09.2006,"9,4374","9,2572","9,4848","9,2133","1,56%"
15.09.2006,"9,3411","9,4044","9,4748","9,2858","-1,02%"
18.09.2006,"9,2827","9,2860","9,3636","9,1602","-0,63%"
19.09.2006,"9,3399","9,2757","9,3681","9,2351","0,62%"
20.09.2006,"9,3770","9,3012","9,4508","9,2759","0,40%"
21.09.2006,"9,7295","9,3503","9,7736","9,3250","3,76%"
22.09.2006,"9,7477","9,7039","9,8728","9,6098","0,19%"
25.09.2006,"9,7605","9,7579","9,8751","9,6511","0,13%"
26.09.2006,"9,7076","9,7753","9,8097","9,6568","-0,54%"
27.09.2006,"9,7226","9,6637","9,7353","9,5919","0,15%"
28.09.2006,"9,7523","9,7165","9,8261","9,5783","0,31%"
29.09.2006,"9,8509","9,7005","9,8879","9,6649","1,01%"
02.10.2006,"9,8147","9,8388","9,8990","9,7260","-0,37%"
03.10.2006,"10,0381","9,8302","10,0522","9,7295","2,28%"
04.10.2006,"10,0160","10,0169","10,1514","9,9527","-0,22%"
05.10.2006,"9,9057","9,9880","10,0331","9,8581","-1,10%"
06.10.2006,"9,8675","9,8832","9,9491","9,7925","-0,39%"
09.10.2006,"9,8678","9,8418","9,9018","9,7478","0,00%"
10.10.2006,"9,7152","9,8481","9,8993","9,6329","-1,55%"
11.10.2006,"9,6222","9,6504","9,7577","9,5654","-0,96%"
12.10.2006,"9,4664","9,6044","9,6951","9,3892","-1,62%"
13.10.2006,"9,3619","9,4399","9,4998","9,2896","-1,10%"
16.10.2006,"9,4112","9,3488","9,4761","9,3103","0,53%"
17.10.2006,"9,5462","9,3857","9,6307","9,3526","1,43%"
18.10.2006,"9,5522","9,5125","9,5951","9,4148","0,06%"
19.10.2006,"9,4888","9,4993","9,5849","9,3941","-0,66%"
20.10.2006,"9,5185","9,4498","9,5383","9,4168","0,31%"
23.10.2006,"9,6568","9,4996","9,7107","9,4604","1,45%"
24.10.2006,"9,6925","9,6228","9,8141","9,5923","0,37%"
25.10.2006,"9,5197","9,6580","9,7490","9,4767","-1,78%"
26.10.2006,"9,4877","9,5029","9,6128","9,4317","-0,34%"
27.10.2006,"9,4633","9,4630","9,5860","9,3874","-0,26%"
30.10.2006,"9,5437","9,4523","9,5962","9,3798","0,85%"
31.10.2006,"9,4083","9,5878","9,6745","9,3294","-1,42%"
01.11.2006,"9,3299","9,3819","9,4837","9,2594","-0,83%"
02.11.2006,"9,5005","9,3971","9,5381","9,3337","1,83%"
03.11.2006,"9,3923","9,4447","9,5795","9,2681","-1,14%"
06.11.2006,"9,4000","9,3769","9,4192","9,3103","0,08%"
07.11.2006,"9,3029","9,3228","9,4167","9,2421","-1,03%"
08.11.2006,"9,3401","9,2997","9,4742","9,2626","0,40%"
09.11.2006,"9,2946","9,3080","9,4404","9,1980","-0,49%"
10.11.2006,"9,2685","9,2611","9,3396","9,2213","-0,28%"
13.11.2006,"9,3035","9,2462","9,3774","9,2306","0,38%"
14.11.2006,"9,2812","9,2740","9,3673","9,2167","-0,24%"
15.11.2006,"9,2406","9,2246","9,4277","9,1556","-0,44%"
16.11.2006,"9,2827","9,2084","9,3407","9,0787","0,46%"
17.11.2006,"9,3321","9,2621","9,4103","9,1519","0,53%"
20.11.2006,"9,2755","9,3311","9,4071","9,2019","-0,61%"
21.11.2006,"9,2777","9,2524","9,3498","9,1798","0,02%"
22.11.2006,"9,2751","9,2430","9,3278","9,1699","-0,03%"
23.11.2006,"9,3237","9,2485","9,3659","9,1789","0,52%"
24.11.2006,"9,3410","9,2658","9,5428","9,2658","0,19%"
27.11.2006,"9,3331","9,3244","9,4353","9,2379","-0,08%"
28.11.2006,"9,4081","9,3332","9,5466","9,2684","0,80%"
29.11.2006,"9,4055","9,3744","9,4354","9,3058","-0,03%"
30.11.2006,"9,4692","9,3656","9,6528","9,3088","0,68%"
01.12.2006,"9,6458","9,4441","9,6686","9,3675","1,86%"
04.12.2006,"9,5610","9,5590","9,6453","9,4345","-0,88%"
05.12.2006,"9,4357","9,5233","9,5963","9,3801","-1,31%"
06.12.2006,"9,4050","9,4131","9,5204","9,3463","-0,33%"
07.12.2006,"9,3491","9,3712","9,4969","9,2722","-0,59%"
08.12.2006,"9,3523","9,3526","9,4521","9,2615","0,03%"
11.12.2006,"9,3020","9,3088","9,4134","9,2470","-0,54%"
12.12.2006,"9,2897","9,2709","9,3857","9,1983","-0,13%"
13.12.2006,"9,2218","9,2313","9,3538","9,1448","-0,73%"
14.12.2006,"9,1835","9,1837","9,3392","9,1136","-0,42%"
15.12.2006,"9,1199","9,1471","9,2920","9,0707","-0,69%"
18.12.2006,"9,2005","9,1292","9,2438","9,0754","0,88%"
19.12.2006,"9,2822","9,1693","9,3162","9,1548","0,89%"
20.12.2006,"9,1393","9,2418","9,3181","9,0582","-1,54%"
21.12.2006,"9,2471","9,0762","9,2917","9,0713","1,18%"
22.12.2006,"9,2191","9,2270","9,2855","9,1136","-0,30%"
25.12.2006,"9,2425","9,2331","9,2673","9,1709","0,25%"
26.12.2006,"9,2566","9,2304","9,2990","9,1405","0,15%"
27.12.2006,"9,2807","9,2209","9,3482","9,1269","0,26%"
28.12.2006,"9,1831","9,2580","9,3142","9,1429","-1,05%"
29.12.2006,"9,2493","9,1753","9,3421","9,1323","0,72%"
01.01.2007,"9,2653","9,2372","9,2818","9,1828","0,17%"
02.01.2007,"9,1994","9,2386","9,2988","9,0954","-0,71%"
03.01.2007,"9,2332","9,1418","9,2849","9,0465","0,37%"
04.01.2007,"9,2661","9,2030","9,3106","9,1227","0,36%"
05.01.2007,"9,4096","9,2743","9,4475","9,2062","1,55%"
08.01.2007,"9,4090","9,4077","9,5156","9,3325","-0,01%"
09.01.2007,"9,4699","9,3628","9,5924","9,3063","0,65%"
10.01.2007,"9,4270","9,4640","9,6410","9,3886","-0,45%"
11.01.2007,"9,3617","9,3889","9,6010","9,2901","-0,69%"
12.01.2007,"9,3466","9,3504","9,4164","9,2177","-0,16%"
15.01.2007,"9,3326","9,3067","9,3765","9,2500","-0,15%"
16.01.2007,"9,3453","9,2954","9,4320","9,2557","0,14%"
17.01.2007,"9,2888","9,3326","9,4462","9,2104","-0,60%"
18.01.2007,"9,2869","9,2293","9,2937","9,1948","-0,02%"
19.01.2007,"9,2647","9,2418","9,3011","9,1922","-0,24%"
22.01.2007,"9,2564","9,2745","9,2971","9,1213","-0,09%"
23.01.2007,"9,2553","9,2190","9,3373","9,1479","-0,01%"
24.01.2007,"9,2537","9,2254","9,3598","9,1971","-0,02%"
25.01.2007,"9,3425","9,2350","9,4510","9,1743","0,96%"
26.01.2007,"9,3832","9,3383","9,4419","9,3046","0,44%"
29.01.2007,"9,5137","9,3979","9,5137","9,3468","1,39%"
30.01.2007,"9,4746","9,4554","9,5689","9,3967","-0,41%"
31.01.2007,"9,4031","9,4465","9,5080","9,3204","-0,75%"
01.02.2007,"9,3176","9,3621","9,4697","9,2818","-0,91%"
02.02.2007,"9,3194","9,2969","9,4166","9,2714","0,02%"
05.02.2007,"9,3530","9,2737","9,4178","9,2493","0,36%"
06.02.2007,"9,3039","9,2687","9,3903","9,2392","-0,52%"
07.02.2007,"9,3320","9,2684","9,3610","9,2599","0,30%"
08.02.2007,"9,3063","9,3440","9,4025","9,2323","-0,28%"
09.02.2007,"9,3526","9,2851","9,4020","9,2314","0,50%"
12.02.2007,"9,4450","9,3008","9,4963","9,2731","0,99%"
13.02.2007,"9,4450","9,4111","9,5225","9,3204","0,00%"
14.02.2007,"9,4422","9,4127","9,5104","9,3590","-0,03%"
15.02.2007,"9,4461","9,4096","9,5103","9,3376","0,04%"
16.02.2007,"9,4185","9,4644","9,4787","9,3422","-0,29%"
19.02.2007,"9,3545","9,4065","9,4423","9,2480","-0,68%"
20.02.2007,"9,3589","9,3256","9,4217","9,2633","0,05%"
21.02.2007,"9,3679","9,3257","9,4264","9,2520","0,10%"
22.02.2007,"9,2840","9,2858","9,4026","9,2016","-0,90%"
23.02.2007,"9,3161","9,2761","9,3355","9,2170","0,35%"
26.02.2007,"9,3261","9,2728","9,3804","9,2362","0,11%"
27.02.2007,"9,5545","9,3027","9,6369","9,2731","2,45%"
28.02.2007,"9,5759","9,5879","9,6688","9,4697","0,22%"
01.03.2007,"9,5860","9,5275","9,7739","9,4920","0,11%"
02.03.2007,"9,7826","9,5490","9,8007","9,5147","2,05%"
05.03.2007,"9,7683","9,7762","9,9134","9,7101","-0,15%"
06.03.2007,"9,6925","9,7513","9,8534","9,6366","-0,78%"
07.03.2007,"9,7720","9,6585","9,8031","9,5944","0,82%"
08.03.2007,"9,6656","9,7695","9,8452","9,6082","-1,09%"
09.03.2007,"9,6150","9,6538","9,7529","9,5288","-0,52%"
12.03.2007,"9,7002","9,5601","9,7548","9,5317","0,89%"
13.03.2007,"9,8928","9,6587","9,9406","9,6236","1,99%"
14.03.2007,"9,8221","9,8721","9,9740","9,7674","-0,71%"
15.03.2007,"9,8288","9,7895","9,9003","9,7409","0,07%"
16.03.2007,"9,9669","9,7939","10,0085","9,7696","1,41%"
19.03.2007,"9,8971","9,8746","9,9529","9,8102","-0,70%"
20.03.2007,"9,8412","9,8435","9,9210","9,7424","-0,56%"
21.03.2007,"9,7373","9,8088","9,8851","9,6897","-1,06%"
22.03.2007,"9,6053","9,7107","9,8109","9,5022","-1,36%"
23.03.2007,"9,5752","9,5683","9,6837","9,5128","-0,31%"
26.03.2007,"9,6290","9,5474","9,6876","9,5067","0,56%"
27.03.2007,"9,7219","9,5969","9,7360","9,5450","0,96%"
28.03.2007,"9,7607","9,7076","9,9110","9,6416","0,40%"
29.03.2007,"9,6772","9,7411","9,8197","9,5990","-0,86%"
30.03.2007,"9,7046","9,6547","9,8310","9,5731","0,28%"
02.04.2007,"9,6866","9,6941","9,7776","9,6228","-0,19%"
03.04.2007,"9,5534","9,6636","9,7295","9,5155","-1,38%"
04.04.2007,"9,5657","9,5267","9,6414","9,5004","0,13%"
05.04.2007,"9,5672","9,5349","9,6275","9,4715","0,02%"
06.04.2007,"9,5195","9,5425","9,6149","9,4730","-0,50%"
09.04.2007,"9,5175","9,5289","9,5818","9,4622","-0,02%"
10.04.2007,"9,5977","9,4801","9,6545","9,4628","0,84%"
11.04.2007,"9,5935","9,5630","9,6569","9,4993","-0,04%"
12.04.2007,"9,6372","9,5595","9,7461","9,5474","0,46%"
13.04.2007,"9,7160","9,6231","9,8263","9,5900","0,82%"
16.04.2007,"9,6168","9,7081","9,7859","9,5536","-1,02%"
17.04.2007,"9,5453","9,5798","9,6998","9,4728","-0,74%"
18.04.2007,"9,5619","9,5140","9,6529","9,4819","0,17%"
19.04.2007,"9,5750","9,5277","9,7646","9,4889","0,14%"
20.04.2007,"9,5833","9,5795","9,6875","9,4799","0,09%"
23.04.2007,"9,6260","9,5350","9,6715","9,4614","0,45%"
24.04.2007,"9,5838","9,5838","9,6966","9,5179","-0,44%"
25.04.2007,"9,4832","9,5504","9,6466","9,4144","-1,05%"
26.04.2007,"9,5596","9,4641","9,6082","9,4116","0,81%"
27.04.2007,"9,6045","9,5341","9,6809","9,4709","0,47%"
30.04.2007,"9,5996","9,6337","9,7914","9,5375","-0,05%"
01.05.2007,"9,5607","9,5889","9,6801","9,4935","-0,41%"
02.05.2007,"9,5423","9,5259","9,6346","9,4830","-0,19%"
03.05.2007,"9,4268","9,5074","9,5907","9,3759","-1,21%"
04.05.2007,"9,4156","9,4085","9,5438","9,3472","-0,12%"
07.05.2007,"9,3626","9,3976","9,4853","9,3017","-0,56%"
08.05.2007,"9,3549","9,3425","9,4556","9,2891","-0,08%"
09.05.2007,"9,3462","9,3264","9,4259","9,2747","-0,09%"
10.05.2007,"9,4820","9,3059","9,5273","9,2896","1,45%"
11.05.2007,"9,3874","9,4460","9,5486","9,3316","-1,00%"
14.05.2007,"9,4226","9,3506","9,4985","9,2999","0,37%"
15.05.2007,"9,3979","9,3561","9,4969","9,3214","-0,26%"
16.05.2007,"9,4137","9,3656","9,4907","9,3086","0,17%"
17.05.2007,"9,4981","9,3997","9,5543","9,3448","0,90%"
18.05.2007,"9,4630","9,4515","9,5823","9,3867","-0,37%"
21.05.2007,"9,4347","9,4491","9,4997","9,3670","-0,30%"
22.05.2007,"9,5180","9,4134","9,5555","9,3760","0,88%"
23.05.2007,"9,5249","9,4750","9,5476","9,4276","0,07%"
24.05.2007,"9,6004","9,4978","9,6676","9,4500","0,79%"
25.05.2007,"9,5415","9,5957","9,6488","9,4342","-0,61%"
28.05.2007,"9,5518","9,4881","9,5911","9,4660","0,11%"
29.05.2007,"9,6198","9,5077","9,6732","9,4738","0,71%"
30.05.2007,"9,5776","9,5736","9,7291","9,5325","-0,44%"
31.05.2007,"9,5764","9,5440","9,6766","9,5191","-0,01%"
01.06.2007,"9,5354","9,5459","9,6199","9,4540","-0,43%"
04.06.2007,"9,6164","9,5042","9,6759","9,4865","0,85%"
05.06.2007,"9,6952","9,5852","9,7434","9,5665","0,82%"
06.06.2007,"9,7310","9,6639","9,7894","9,6227","0,37%"
07.06.2007,"9,7871","9,6931","9,8050","9,6276","0,58%"
08.06.2007,"9,6494","9,7479","9,8422","9,6004","-1,41%"
11.06.2007,"9,6749","9,6140","9,7436","9,6008","0,26%"
12.06.2007,"9,6908","9,6170","9,7274","9,5514","0,16%"
13.06.2007,"9,5784","9,6755","9,7553","9,5433","-1,16%"
14.06.2007,"9,5663","9,5912","9,7005","9,5041","-0,13%"
15.06.2007,"9,5520","9,5271","9,6402","9,4631","-0,15%"
18.06.2007,"9,5078","9,4989","9,5838","9,4470","-0,46%"
19.06.2007,"9,4939","9,4765","9,5426","9,4442","-0,15%"
20.06.2007,"9,5810","9,4760","9,6297","9,4456","0,92%"
21.06.2007,"9,5703","9,5533","9,6598","9,4893","-0,11%"
22.06.2007,"9,6395","9,5261","9,6707","9,4949","0,72%"
25.06.2007,"9,6617","9,5830","9,6841","9,5552","0,23%"
26.06.2007,"9,6667","9,6475","9,7249","9,5906","0,05%"
27.06.2007,"9,5947","9,6352","9,7464","9,5495","-0,74%"
28.06.2007,"9,5111","9,5630","9,6297","9,4518","-0,87%"
29.06.2007,"9,5323","9,4801","9,6077","9,4556","0,22%"
02.07.2007,"9,4772","9,5058","9,5938","9,4276","-0,58%"
03.07.2007,"9,4794","9,4456","9,5570","9,4019","0,02%"
04.07.2007,"9,4779","9,4446","9,5733","9,4271","-0,02%"
05.07.2007,"9,5444","9,4460","9,6043","9,4216","0,70%"
06.07.2007,"9,5206","9,4900","9,5998","9,4729","-0,25%"
09.07.2007,"9,4916","9,5185","9,5552","9,4366","-0,30%"
10.07.2007,"9,6290","9,4579","9,6771","9,4290","1,45%"
11.07.2007,"9,6512","9,6361","9,7578","9,5733","0,23%"
12.07.2007,"9,6075","9,6071","9,7462","9,5488","-0,45%"
13.07.2007,"9,5903","9,5958","9,6892","9,5295","-0,18%"
16.07.2007,"9,6049","9,5619","9,6837","9,5365","0,15%"
17.07.2007,"9,5740","9,5860","9,6940","9,5220","-0,32%"
18.07.2007,"9,5818","9,5640","9,7121","9,5282","0,08%"
19.07.2007,"9,4733","9,5314","9,6453","9,4176","-1,13%"
20.07.2007,"9,5320","9,4365","9,6053","9,3854","0,62%"
23.07.2007,"9,4125","9,5060","9,5722","9,3530","-1,25%"
24.07.2007,"9,5344","9,3812","9,5690","9,3322","1,30%"
25.07.2007,"9,4487","9,4761","9,5518","9,3404","-0,90%"
26.07.2007,"9,7269","9,4009","9,8123","9,3749","2,94%"
27.07.2007,"9,6905","9,7251","9,8481","9,6047","-0,37%"
30.07.2007,"9,7306","9,6448","9,9022","9,5958","0,41%"
31.07.2007,"9,8101","9,6967","9,8521","9,6420","0,82%"
01.08.2007,"9,6859","9,7776","9,9259","9,6503","-1,27%"
02.08.2007,"9,7068","9,6833","9,8098","9,5382","0,22%"
03.08.2007,"9,8181","9,6736","9,9139","9,5454","1,15%"
06.08.2007,"9,6774","9,9416","9,9898","9,6226","-1,43%"
07.08.2007,"9,7105","9,6835","9,8423","9,6371","0,34%"
08.08.2007,"9,6784","9,6744","9,7864","9,5521","-0,33%"
09.08.2007,"9,8243","9,6397","9,8766","9,6097","1,51%"
10.08.2007,"9,8254","9,7791","9,9568","9,7330","0,01%"
13.08.2007,"9,7784","9,8388","9,8983","9,6633","-0,48%"
14.08.2007,"9,9019","9,7583","9,9993","9,7354","1,26%"
15.08.2007,"9,9703","9,9009","10,1223","9,8222","0,69%"
16.08.2007,"10,0482","9,9390","10,2290","9,8898","0,78%"
17.08.2007,"9,9112","10,0106","10,2001","9,8346","-1,36%"
20.08.2007,"9,9924","9,9005","10,0602","9,8531","0,82%"
21.08.2007,"9,9817","9,9580","10,1171","9,8811","-0,11%"
22.08.2007,"9,8021","9,9073","9,9609","9,7481","-1,80%"
23.08.2007,"9,8304","9,7871","9,9271","9,7260","0,29%"
24.08.2007,"9,7996","9,7789","9,9471","9,6489","-0,31%"
27.08.2007,"9,8435","9,7467","9,9076","9,5627","0,45%"
28.08.2007,"9,9394","9,8086","9,9762","9,7892","0,97%"
29.08.2007,"9,7866","9,9138","9,9708","9,7330","-1,54%"
30.08.2007,"9,7572","9,7510","9,8691","9,6736","-0,30%"
31.08.2007,"9,7386","9,7218","9,8651","9,6461","-0,19%"
03.09.2007,"9,7932","9,6765","9,8822","9,6758","0,56%"
04.09.2007,"9,8041","9,7830","9,9507","9,7304","0,11%"
05.09.2007,"9,8733","9,7798","9,9581","9,7647","0,71%"
06.09.2007,"9,8517","9,8516","9,9539","9,7963","-0,22%"
07.09.2007,"9,9749","9,8179","10,0503","9,7618","1,25%"
10.09.2007,"9,9553","9,9644","10,0670","9,8881","-0,20%"
11.09.2007,"9,9351","9,9286","9,9985","9,8655","-0,20%"
12.09.2007,"9,9353","9,9090","10,0178","9,8562","0,00%"
13.09.2007,"9,9712","9,8899","9,9902","9,8536","0,36%"
14.09.2007,"9,9189","9,9204","10,0282","9,8719","-0,52%"
17.09.2007,"10,0039","9,9004","10,0452","9,8745","0,86%"
18.09.2007,"9,9356","9,9653","10,0442","9,8872","-0,68%"
19.09.2007,"9,8994","9,9055","9,9695","9,8109","-0,36%"
20.09.2007,"9,9186","9,8685","9,9871","9,8356","0,19%"
21.09.2007,"9,8640","9,9005","9,9694","9,8062","-0,55%"
24.09.2007,"9,7982","9,8292","9,9207","9,7586","-0,67%"
25.09.2007,"9,8838","9,7644","9,9257","9,7350","0,87%"
26.09.2007,"9,8122","9,8449","9,9279","9,7273","-0,72%"
27.09.2007,"9,7503","9,7716","9,8750","9,6658","-0,63%"
28.09.2007,"9,8066","9,7050","9,8540","9,6847","0,58%"
01.10.2007,"9,7311","9,7876","9,8578","9,6878","-0,77%"
02.10.2007,"9,8049","9,7034","9,8522","9,6744","0,76%"
03.10.2007,"9,7546","9,7670","9,8555","9,6822","-0,51%"
04.10.2007,"9,7599","9,7378","9,8528","9,6784","0,05%"
05.10.2007,"9,6202","9,7228","9,8056","9,5674","-1,43%"
08.10.2007,"9,6505","9,5910","9,6972","9,5667","0,31%"
09.10.2007,"9,6263","9,6143","9,7146","9,5698","-0,25%"
10.10.2007,"9,7257","9,6310","9,8409","9,5860","1,03%"
11.10.2007,"9,5742","9,6724","9,8115","9,4536","-1,56%"
12.10.2007,"9,5907","9,5140","9,6405","9,4823","0,17%"
15.10.2007,"9,7281","9,5431","9,7994","9,4749","1,43%"
16.10.2007,"9,7247","9,6784","9,8149","9,6391","-0,03%"
17.10.2007,"9,7223","9,7065","9,7988","9,5762","-0,02%"
18.10.2007,"9,6989","9,6756","9,8209","9,6053","-0,24%"
19.10.2007,"9,7366","9,6859","9,8054","9,6175","0,39%"
22.10.2007,"9,7201","9,7603","9,8925","9,6467","-0,17%"
23.10.2007,"9,5344","9,6559","9,7433","9,4736","-1,91%"
24.10.2007,"9,4950","9,5121","9,6055","9,4040","-0,41%"
25.10.2007,"9,3614","9,4428","9,5325","9,3216","-1,41%"
26.10.2007,"9,3556","9,3282","9,4436","9,2953","-0,06%"
29.10.2007,"9,4418","9,3383","9,4952","9,2690","0,92%"
30.10.2007,"9,4602","9,3915","9,5466","9,3489","0,19%"
31.10.2007,"9,4202","9,4431","9,5360","9,3528","-0,42%"
01.11.2007,"9,5261","9,3817","9,5909","9,3444","1,12%"
02.11.2007,"9,5179","9,4962","9,6173","9,4315","-0,09%"
05.11.2007,"9,5296","9,5177","9,5976","9,4185","0,12%"
06.11.2007,"9,4779","9,4992","9,5699","9,3951","-0,54%"
07.11.2007,"9,5495","9,4700","9,5714","9,3830","0,76%"
08.11.2007,"9,5515","9,5160","9,6579","9,4320","0,02%"
09.11.2007,"9,7307","9,5362","9,7930","9,4311","1,88%"
12.11.2007,"9,9354","9,6999","9,9776","9,6578","2,10%"
13.11.2007,"9,7523","9,9153","9,9719","9,6944","-1,84%"
14.11.2007,"9,6659","9,7117","9,8804","9,5697","-0,89%"
15.11.2007,"9,8577","9,6146","9,8652","9,5899","1,98%"
16.11.2007,"9,8395","9,7925","9,9234","9,7111","-0,18%"
19.11.2007,"9,9499","9,8142","9,9940","9,7270","1,12%"
20.11.2007,"9,9362","9,8989","10,0032","9,8136","-0,14%"
21.11.2007,"10,1343","9,9038","10,1710","9,8513","1,99%"
22.11.2007,"10,0794","10,0872","10,1784","9,9954","-0,54%"
23.11.2007,"10,1170","10,0366","10,2075","10,0165","0,37%"
26.11.2007,"10,4397","10,0842","10,4858","10,0075","3,19%"
27.11.2007,"10,3594","10,3725","10,6043","10,2475","-0,77%"
28.11.2007,"10,1593","10,3302","10,4452","10,0964","-1,93%"
29.11.2007,"10,0312","10,1222","10,2691","9,9924","-1,26%"
30.11.2007,"9,9505","10,0135","10,1274","9,8694","-0,80%"
03.12.2007,"10,0072","9,9144","10,0575","9,8714","0,57%"
04.12.2007,"10,0633","9,9669","10,1294","9,8847","0,56%"
05.12.2007,"9,8995","10,0502","10,0934","9,8343","-1,63%"
06.12.2007,"9,8276","9,8588","9,9611","9,7755","-0,73%"
07.12.2007,"9,8203","9,8109","9,9007","9,7449","-0,07%"
10.12.2007,"9,8201","9,7970","9,8849","9,7545","-0,00%"
11.12.2007,"9,9467","9,7797","9,9850","9,7488","1,29%"
12.12.2007,"9,8824","9,9470","10,0359","9,7506","-0,65%"
13.12.2007,"9,8727","9,8671","9,9758","9,8102","-0,10%"
14.12.2007,"9,9236","9,8467","9,9780","9,7693","0,52%"
17.12.2007,"10,0022","9,8695","10,0455","9,8449","0,79%"
18.12.2007,"9,9359","9,9641","10,0280","9,8524","-0,66%"
19.12.2007,"9,9873","9,9247","10,0222","9,8681","0,52%"
20.12.2007,"10,1089","9,9834","10,1695","9,9083","1,22%"
21.12.2007,"10,1003","10,0934","10,1547","9,9795","-0,09%"
24.12.2007,"10,0571","10,0704","10,1357","9,9645","-0,43%"
25.12.2007,"10,0475","10,0320","10,0743","9,9795","-0,10%"
26.12.2007,"10,1015","10,0227","10,1723","9,9760","0,54%"
27.12.2007,"10,0469","10,0612","10,1217","9,8924","-0,54%"
28.12.2007,"10,0175","10,0327","10,1030","9,9260","-0,29%"
31.12.2007,"10,0160","9,9942","10,0997","9,8791","-0,01%"
01.01.2008,"10,0054","9,9822","10,0132","9,9114","-0,11%"
02.01.2008,"10,0544","9,9780","10,1186","9,9228","0,49%"
03.01.2008,"10,0944","10,0110","10,1646","9,9617","0,40%"
04.01.2008,"10,1479","10,0715","10,1982","9,9833","0,53%"
07.01.2008,"10,1610","10,1320","10,2351","10,0261","0,13%"
08.01.2008,"10,1580","10,1288","10,1920","10,0454","-0,03%"
09.01.2008,"10,0578","10,1450","10,2129","9,9673","-0,99%"
10.01.2008,"10,1061","10,0277","10,1687","9,9944","0,48%"
11.01.2008,"9,9827","10,0785","10,1740","9,9280","-1,22%"
14.01.2008,"10,0230","9,9880","10,0890","9,9386","0,40%"
15.01.2008,"10,1339","9,9862","10,1844","9,9373","1,11%"
16.01.2008,"10,1957","10,1003","10,3216","10,0648","0,61%"
17.01.2008,"10,3852","10,1518","10,4312","10,0642","1,86%"
18.01.2008,"10,3369","10,3899","10,4283","10,2215","-0,47%"
21.01.2008,"10,4337","10,2958","10,5008","10,2167","0,94%"
22.01.2008,"10,3713","10,4026","10,5951","10,3036","-0,60%"
23.01.2008,"10,3236","10,3406","10,5037","10,2819","-0,46%"
24.01.2008,"10,3365","10,2908","10,3951","10,2330","0,12%"
25.01.2008,"10,4883","10,2761","10,5513","10,2077","1,47%"
28.01.2008,"10,6352","10,4778","10,7092","10,4503","1,40%"
29.01.2008,"10,6631","10,6172","10,6898","10,4529","0,26%"
30.01.2008,"10,9580","10,6151","10,9929","10,5304","2,77%"
31.01.2008,"11,1262","10,9116","11,2666","10,7688","1,53%"
01.02.2008,"10,8962","11,0997","11,1556","10,8321","-2,07%"
04.02.2008,"11,0898","10,8535","11,1188","10,7824","1,78%"
05.02.2008,"11,2630","11,0402","11,2941","10,8946","1,56%"
06.02.2008,"11,2702","11,2480","11,2988","11,1034","0,06%"
07.02.2008,"11,1588","11,2426","11,4301","11,0065","-0,99%"
08.02.2008,"11,2979","11,1062","11,4161","11,0025","1,25%"
11.02.2008,"11,3010","11,2426","11,4551","11,1774","0,03%"
12.02.2008,"11,2644","11,2522","11,3957","11,1300","-0,32%"
13.02.2008,"11,2610","11,2396","11,3274","11,0787","-0,03%"
14.02.2008,"11,2757","11,2618","11,3146","11,0800","0,13%"
15.02.2008,"11,2510","11,2412","11,3116","11,0461","-0,22%"
18.02.2008,"11,1629","11,2132","11,2637","11,0796","-0,78%"
19.02.2008,"11,3217","11,1216","11,3590","11,0731","1,42%"
20.02.2008,"11,4848","11,2801","11,6305","11,2499","1,44%"
21.02.2008,"11,5682","11,4672","11,6284","11,3800","0,73%"
22.02.2008,"11,4777","11,5244","11,6202","11,3613","-0,78%"
25.02.2008,"11,3768","11,4698","11,5219","11,3008","-0,88%"
26.02.2008,"11,2951","11,3466","11,4241","11,1668","-0,72%"
27.02.2008,"11,2704","11,2844","11,3780","11,1567","-0,22%"
28.02.2008,"11,5150","11,2213","11,5378","11,1764","2,17%"
29.02.2008,"11,8826","11,4775","11,9402","11,4418","3,19%"
03.03.2008,"11,8064","11,8498","12,1907","11,7264","-0,64%"
04.03.2008,"12,0099","11,7871","12,1423","11,7077","1,72%"
05.03.2008,"11,9083","11,9887","12,0834","11,7444","-0,85%"
06.03.2008,"12,3985","11,8899","12,4487","11,6754","4,12%"
07.03.2008,"12,2889","12,4127","12,5000","12,0815","-0,88%"
10.03.2008,"12,3216","12,2827","12,5046","12,1210","0,27%"
11.03.2008,"11,9827","12,2975","12,4038","11,9249","-2,75%"
12.03.2008,"12,2610","11,9375","12,2722","11,8948","2,32%"
13.03.2008,"12,3790","12,2279","12,4959","12,1227","0,96%"
14.03.2008,"12,4361","12,3594","12,5261","12,1585","0,46%"
17.03.2008,"12,7476","12,4649","13,1060","12,4336","2,50%"
18.03.2008,"12,4009","12,7161","12,8951","12,3281","-2,72%"
19.03.2008,"12,6646","12,3570","12,7660","12,3320","2,13%"
20.03.2008,"12,6189","12,6396","12,7707","12,4355","-0,36%"
21.03.2008,"12,6004","12,5933","12,7222","12,5397","-0,15%"
24.03.2008,"12,5555","12,5596","12,6317","12,3987","-0,36%"
25.03.2008,"12,5599","12,5380","12,6842","12,4523","0,04%"
26.03.2008,"12,7886","12,5329","12,8345","12,4848","1,82%"
27.03.2008,"12,6028","12,7456","12,8083","12,5048","-1,45%"
28.03.2008,"12,8678","12,5728","12,8781","12,5166","2,10%"
31.03.2008,"12,7667","12,8326","12,9733","12,7074","-0,79%"
01.04.2008,"12,4566","12,7262","12,8195","12,3996","-2,43%"
02.04.2008,"12,2759","12,4256","12,5171","12,1216","-1,45%"
03.04.2008,"12,2235","12,2396","12,2923","11,9952","-0,43%"
04.04.2008,"12,3931","12,1779","12,4336","12,0872","1,39%"
07.04.2008,"12,2463","12,3128","12,3659","12,0797","-1,18%"
08.04.2008,"12,2133","12,2170","12,3677","12,1384","-0,27%"
09.04.2008,"12,4281","12,1730","12,4642","12,0725","1,76%"
10.04.2008,"12,3505","12,3992","12,6528","12,1863","-0,62%"
11.04.2008,"12,3628","12,3142","12,4945","12,1822","0,10%"
14.04.2008,"12,4831","12,2397","12,5360","12,1675","0,97%"
15.04.2008,"12,5219","12,4195","12,6231","12,3728","0,31%"
16.04.2008,"12,5518","12,4907","12,8213","12,4653","0,24%"
17.04.2008,"12,3979","12,4931","12,6944","12,3260","-1,23%"
18.04.2008,"12,3134","12,3640","12,5249","12,1213","-0,68%"
21.04.2008,"12,3633","12,2771","12,4576","12,2022","0,41%"
22.04.2008,"12,2136","12,3382","12,4286","12,1038","-1,21%"
23.04.2008,"12,2081","12,1680","12,2774","12,0522","-0,05%"
24.04.2008,"12,0690","12,1528","12,3043","11,9253","-1,14%"
25.04.2008,"11,9010","12,0170","12,1475","11,8004","-1,39%"
28.04.2008,"11,7851","11,8504","11,9435","11,6755","-0,97%"
29.04.2008,"11,8471","11,7399","11,8902","11,7006","0,53%"
30.04.2008,"11,7752","11,8056","11,9314","11,7025","-0,61%"
01.05.2008,"11,7680","11,7635","11,8939","11,6960","-0,06%"
02.05.2008,"11,6991","11,7285","11,7933","11,5273","-0,59%"
05.05.2008,"11,7221","11,6881","11,8150","11,6318","0,20%"
06.05.2008,"11,6420","11,6898","11,8430","11,5773","-0,68%"
07.05.2008,"11,6579","11,6164","11,7355","11,4692","0,14%"
08.05.2008,"11,7192","11,6356","11,7630","11,5704","0,53%"
09.05.2008,"11,9794","11,6747","11,9870","11,6223","2,22%"
12.05.2008,"11,8247","11,8717","11,9403","11,7057","-1,29%"
13.05.2008,"11,7279","11,7706","11,8795","11,6299","-0,82%"
14.05.2008,"11,8378","11,7023","11,8960","11,6308","0,94%"
15.05.2008,"11,6551","11,8029","11,8991","11,6007","-1,54%"
16.05.2008,"11,6423","11,6305","11,7721","11,4917","-0,11%"
19.05.2008,"11,6892","11,6239","11,7502","11,5445","0,40%"
20.05.2008,"12,0130","11,6600","12,0758","11,6400","2,77%"
21.05.2008,"12,2104","11,9646","12,2396","11,9230","1,64%"
22.05.2008,"12,0099","12,1605","12,2895","11,9014","-1,64%"
23.05.2008,"12,1080","11,9589","12,1506","11,9338","0,82%"
26.05.2008,"12,1377","12,1035","12,1754","12,0340","0,25%"
27.05.2008,"12,1320","12,0993","12,2840","12,0294","-0,05%"
28.05.2008,"12,0272","12,0873","12,2676","11,9009","-0,86%"
29.05.2008,"11,7611","11,9808","12,0433","11,6447","-2,21%"
30.05.2008,"11,8363","11,7196","11,8955","11,6385","0,64%"
02.06.2008,"11,9793","11,8203","12,0701","11,7717","1,21%"
03.06.2008,"11,9884","11,9671","12,1335","11,8056","0,08%"
04.06.2008,"12,0210","11,9451","12,0895","11,8757","0,27%"
05.06.2008,"12,2216","11,9804","12,2998","11,8865","1,67%"
06.06.2008,"12,4254","12,1861","12,4364","12,1321","1,67%"
09.06.2008,"12,3480","12,4299","12,5205","12,2524","-0,62%"
10.06.2008,"12,3063","12,3046","12,4291","12,1790","-0,34%"
11.06.2008,"12,4518","12,2702","12,5465","12,2074","1,18%"
12.06.2008,"12,5844","12,4321","12,6250","12,1751","1,06%"
13.06.2008,"12,4675","12,5454","12,5938","12,3914","-0,93%"
16.06.2008,"12,5052","12,4711","12,6120","12,3777","0,30%"
17.06.2008,"12,4455","12,4622","12,5821","12,3221","-0,48%"
18.06.2008,"12,4389","12,4181","12,5572","12,3205","-0,05%"
19.06.2008,"12,3318","12,4002","12,5939","12,2518","-0,86%"
20.06.2008,"12,4682","12,3116","12,5548","12,2455","1,11%"
23.06.2008,"12,5264","12,4563","12,5817","12,3729","0,47%"
24.06.2008,"12,4954","12,5069","12,6128","12,3917","-0,25%"
25.06.2008,"12,3049","12,4450","12,5252","12,2199","-1,52%"
26.06.2008,"12,5195","12,2731","12,5940","12,2524","1,74%"
27.06.2008,"12,5006","12,4831","12,5770","12,3394","-0,15%"
30.06.2008,"12,3467","12,4465","12,5262","12,2385","-1,23%"
01.07.2008,"12,4596","12,3001","12,5736","12,2589","0,91%"
02.07.2008,"12,4499","12,4165","12,5049","12,3052","-0,08%"
03.07.2008,"12,1578","12,4222","12,5541","12,0553","-2,35%"
04.07.2008,"12,1376","12,1330","12,2403","12,0315","-0,17%"
07.07.2008,"12,1928","12,1041","12,2314","11,9828","0,45%"
08.07.2008,"12,1213","12,1841","12,3098","12,0700","-0,59%"
09.07.2008,"12,1950","12,1338","12,2274","11,9730","0,61%"
10.07.2008,"12,1616","12,1175","12,2713","11,9887","-0,27%"
11.07.2008,"12,2097","12,1394","12,3504","12,0768","0,40%"
14.07.2008,"12,1938","12,2284","12,2434","12,0248","-0,13%"
15.07.2008,"12,1836","12,1773","12,3010","12,0764","-0,08%"
16.07.2008,"12,0381","12,1589","12,3033","11,9697","-1,19%"
17.07.2008,"12,0179","12,0129","12,1183","11,8703","-0,17%"
18.07.2008,"12,0518","11,9459","12,1387","11,8598","0,28%"
21.07.2008,"12,0694","11,9997","12,1215","11,9222","0,15%"
22.07.2008,"11,8137","12,0226","12,1090","11,7546","-2,12%"
23.07.2008,"11,8766","11,7880","11,9056","11,7412","0,53%"
24.07.2008,"12,0306","11,8681","12,0994","11,7524","1,30%"
25.07.2008,"11,9276","11,9914","12,0447","11,8205","-0,86%"
28.07.2008,"11,8647","11,8794","11,9389","11,7566","-0,53%"
29.07.2008,"11,4772","11,8192","11,8853","11,4164","-3,27%"
30.07.2008,"11,5173","11,4379","11,5748","11,4056","0,35%"
31.07.2008,"11,4390","11,5126","11,5885","11,3354","-0,68%"
01.08.2008,"11,2386","11,4007","11,4734","11,1601","-1,75%"
04.08.2008,"11,2937","11,2098","11,3592","11,1543","0,49%"
05.08.2008,"11,4093","11,2423","11,4924","11,1810","1,02%"
06.08.2008,"11,4543","11,3867","11,5543","11,3430","0,39%"
07.08.2008,"11,4838","11,4249","11,6006","11,4048","0,26%"
08.08.2008,"11,6105","11,4440","11,7005","11,4195","1,10%"
11.08.2008,"11,6497","11,5514","11,7264","11,4669","0,34%"
12.08.2008,"11,6519","11,6159","11,7047","11,4810","0,02%"
13.08.2008,"11,7321","11,6306","11,8084","11,5537","0,69%"
14.08.2008,"11,6224","11,7055","11,7857","11,5522","-0,94%"
15.08.2008,"11,5611","11,5846","11,7872","11,5081","-0,53%"
18.08.2008,"11,3389","11,5642","11,6389","11,2695","-1,92%"
19.08.2008,"11,4340","11,2993","11,5427","11,2691","0,84%"
20.08.2008,"11,4402","11,4089","11,4813","11,3424","0,05%"
21.08.2008,"11,4124","11,3948","11,5172","11,3332","-0,24%"
22.08.2008,"11,3578","11,3745","11,4478","11,2669","-0,48%"
25.08.2008,"11,4542","11,3269","11,4678","11,2423","0,85%"
26.08.2008,"11,4289","11,4255","11,4971","11,3197","-0,22%"
27.08.2008,"11,4115","11,3930","11,5345","11,3391","-0,15%"
28.08.2008,"11,3580","11,3659","11,4415","11,2742","-0,47%"
29.08.2008,"11,3057","11,3257","11,4100","11,2312","-0,46%"
01.09.2008,"11,3243","11,2668","11,3892","11,2094","0,16%"
02.09.2008,"11,2877","11,2874","11,3955","11,2271","-0,32%"
03.09.2008,"11,4053","11,2484","11,4651","11,1954","1,04%"
04.09.2008,"11,4471","11,3769","11,5024","11,3339","0,37%"
05.09.2008,"11,3611","11,4224","11,5676","11,2869","-0,75%"
08.09.2008,"11,1883","11,4481","11,4794","11,0937","-1,52%"
09.09.2008,"11,3218","11,1577","11,3576","11,0507","1,19%"
10.09.2008,"11,4617","11,2747","11,5516","11,2066","1,24%"
11.09.2008,"11,4008","11,4317","11,6465","11,2777","-0,53%"
12.09.2008,"11,3704","11,3654","11,5649","11,2741","-0,27%"
15.09.2008,"11,5093","11,6143","11,7566","11,3536","1,22%"
16.09.2008,"11,5016","11,4809","11,7718","11,4158","-0,07%"
17.09.2008,"11,8133","11,4533","11,8703","11,3695","2,71%"
18.09.2008,"11,7317","11,8402","12,0940","11,5965","-0,69%"
19.09.2008,"11,4570","11,6812","11,7374","11,2658","-2,34%"
22.09.2008,"11,8319","11,6174","11,8858","11,5350","3,27%"
23.09.2008,"12,0061","11,7996","12,1814","11,6702","1,47%"
24.09.2008,"11,9429","11,9612","12,1014","11,8130","-0,53%"
25.09.2008,"11,8612","11,8984","12,0686","11,7993","-0,68%"
26.09.2008,"11,8013","11,8308","11,9931","11,7091","-0,51%"
29.09.2008,"12,0546","11,7159","12,1520","11,6575","2,15%"
30.09.2008,"11,6836","12,0054","12,0684","11,5648","-3,08%"
01.10.2008,"11,5549","11,6750","11,7411","11,4997","-1,10%"
02.10.2008,"11,7557","11,5499","11,7938","11,4841","1,74%"
03.10.2008,"11,6847","11,7160","11,8728","11,5447","-0,60%"
06.10.2008,"11,9396","11,6255","12,1614","11,5514","2,18%"
07.10.2008,"12,1416","11,9131","12,2445","11,7377","1,69%"
08.10.2008,"12,5206","12,1437","12,9180","12,0530","3,12%"
09.10.2008,"12,7459","12,5037","12,7824","12,1526","1,80%"
10.10.2008,"12,7022","12,7034","12,8902","12,4812","-0,34%"
13.10.2008,"12,3696","12,7488","12,8337","12,3225","-2,62%"
14.10.2008,"12,4251","12,3347","12,5870","12,0950","0,45%"
15.10.2008,"14,4294","12,3855","14,5386","12,2827","16,13%"
16.10.2008,"13,5804","14,3402","14,6786","13,1379","-5,88%"
17.10.2008,"13,4761","13,4867","14,1323","13,2238","-0,77%"
20.10.2008,"13,5646","13,3705","13,7376","13,1466","0,66%"
21.10.2008,"13,9105","13,5070","14,1048","13,2594","2,55%"
22.10.2008,"14,9551","13,8428","15,2822","13,4968","7,51%"
23.10.2008,"14,3247","14,9019","15,2128","14,0406","-4,22%"
24.10.2008,"14,1073","14,2314","14,7795","13,6008","-1,52%"
27.10.2008,"13,7704","13,9597","14,3773","13,3107","-2,39%"
28.10.2008,"13,0645","13,7203","13,8138","12,8605","-5,13%"
29.10.2008,"12,7153","13,0504","13,4051","12,4999","-2,67%"
30.10.2008,"12,7789","12,6360","13,1594","12,4013","0,50%"
31.10.2008,"12,4529","12,6493","12,9960","12,3068","-2,55%"
03.11.2008,"12,6753","12,3636","12,7727","12,2556","1,79%"
04.11.2008,"12,6525","12,6979","12,8157","12,3701","-0,18%"
05.11.2008,"12,6489","12,5711","12,6900","12,2168","-0,03%"
06.11.2008,"13,0730","12,6091","13,0899","12,3581","3,35%"
07.11.2008,"12,9370","13,0288","13,1141","12,6884","-1,04%"
10.11.2008,"12,7526","12,5347","12,9546","12,4886","-1,43%"
11.11.2008,"12,9541","12,7157","13,1555","12,6421","1,58%"
12.11.2008,"13,0946","12,8767","13,2723","12,7719","1,08%"
13.11.2008,"13,0765","13,0396","13,3941","12,7555","-0,14%"
14.11.2008,"12,6552","13,0803","13,2461","12,5894","-3,22%"
17.11.2008,"12,8878","12,5119","13,0058","12,5100","1,84%"
18.11.2008,"12,9795","12,8536","13,1266","12,7003","0,71%"
19.11.2008,"13,1867","12,9084","13,3556","12,8093","1,60%"
20.11.2008,"13,4096","13,1334","13,4792","13,0125","1,69%"
21.11.2008,"13,1707","13,3450","13,4976","12,9742","-1,78%"
24.11.2008,"13,0024","13,1555","13,4256","12,8572","-1,28%"
25.11.2008,"12,7313","12,9658","13,0937","12,5884","-2,08%"
26.11.2008,"12,7824","12,7364","13,0807","12,5945","0,40%"
27.11.2008,"12,7606","12,7398","12,9074","12,6002","-0,17%"
28.11.2008,"12,9076","12,7095","13,0972","12,6372","1,15%"
01.12.2008,"13,3157","12,8552","13,3388","12,6567","3,16%"
02.12.2008,"13,1363","13,1417","13,4723","12,9435","-1,35%"
03.12.2008,"12,9466","13,0054","13,2221","12,7168","-1,44%"
04.12.2008,"13,1455","12,8666","13,2331","12,7461","1,54%"
05.12.2008,"13,1048","13,1046","13,3563","12,8684","-0,31%"
08.12.2008,"13,1181","13,0678","13,2641","12,8733","0,10%"
09.12.2008,"13,1920","13,0965","13,2298","12,9561","0,56%"
10.12.2008,"13,2197","13,1869","13,3510","13,0449","0,21%"
11.12.2008,"13,3604","13,2092","13,5435","13,0980","1,06%"
12.12.2008,"13,5675","13,2909","13,7020","13,1626","1,55%"
15.12.2008,"13,9426","13,5074","14,0179","13,3672","2,76%"
16.12.2008,"14,1791","13,8655","14,2937","13,7443","1,70%"
17.12.2008,"14,1532","14,0741","14,3284","13,8768","-0,18%"
18.12.2008,"13,7431","14,1035","14,4741","13,4663","-2,90%"
19.12.2008,"13,6243","13,7132","13,8450","13,2043","-0,86%"
22.12.2008,"13,5411","13,6284","13,8135","13,3189","-0,61%"
23.12.2008,"13,5354","13,4533","13,7672","13,3571","-0,04%"
24.12.2008,"13,6403","13,4315","13,6685","13,2836","0,78%"
25.12.2008,"13,6651","13,6174","13,7432","13,5548","0,18%"
26.12.2008,"13,6624","13,6827","13,8219","13,5059","-0,02%"
29.12.2008,"13,2325","13,5609","13,8235","13,1299","-3,15%"
30.12.2008,"13,1892","13,1283","13,5765","13,0814","-0,33%"
31.12.2008,"13,2760","13,1517","13,3186","12,7510","0,66%"
01.01.2009,"13,2912","13,1960","13,3871","13,1903","0,11%"
01.01.2009,"13,2912","13,1960","13,3871","13,1903","0,11%"
02.01.2009,"12,9181","13,2016","13,3472","12,7974","-2,81%"
02.01.2009,"12,9181","13,2016","13,3472","12,7974","-2,81%"
05.01.2009,"12,6527","12,9577","13,2708","12,5134","-2,05%"
05.01.2009,"12,6527","12,9577","13,2708","12,5134","-2,05%"
06.01.2009,"12,6420","12,5716","12,7387","12,2822","-0,08%"
06.01.2009,"12,6420","12,5716","12,7387","12,2822","-0,08%"
07.01.2009,"13,1719","12,5860","13,2071","12,5165","4,19%"
07.01.2009,"13,1719","12,5860","13,2071","12,5165","4,19%"
08.01.2009,"13,2441","13,1948","13,5030","12,9277","0,55%"
08.01.2009,"13,2441","13,1948","13,5030","12,9277","0,55%"
09.01.2009,"13,1438","13,1734","13,3971","12,9475","-0,76%"
09.01.2009,"13,1438","13,1734","13,3971","12,9475","-0,76%"
12.01.2009,"13,5527","13,1487","13,5741","13,0834","3,11%"
12.01.2009,"13,5527","13,1487","13,5741","13,0834","3,11%"
13.01.2009,"13,2229","13,5027","13,6193","13,0848","-2,43%"
13.01.2009,"13,2229","13,5027","13,6193","13,0848","-2,43%"
14.01.2009,"13,3993","13,1616","13,5882","13,0311","1,33%"
14.01.2009,"13,3993","13,1616","13,5882","13,0311","1,33%"
15.01.2009,"13,1145","13,3846","13,5723","13,0392","-2,13%"
15.01.2009,"13,1145","13,3846","13,5723","13,0392","-2,13%"
16.01.2009,"13,2825","13,0692","13,4144","12,9764","1,28%"
16.01.2009,"13,2825","13,0692","13,4144","12,9764","1,28%"
19.01.2009,"13,2778","13,3715","13,4083","13,1410","-0,04%"
19.01.2009,"13,2778","13,3715","13,4083","13,1410","-0,04%"
20.01.2009,"13,2580","13,2103","13,4517","13,0573","-0,15%"
20.01.2009,"13,2580","13,2103","13,4517","13,0573","-0,15%"
21.01.2009,"13,0610","13,2127","13,3457","12,9131","-1,49%"
21.01.2009,"13,0610","13,2127","13,3457","12,9131","-1,49%"
22.01.2009,"13,0580","13,0079","13,1726","12,8400","-0,02%"
22.01.2009,"13,0580","13,0079","13,1726","12,8400","-0,02%"
23.01.2009,"13,2673","13,0794","13,3872","12,9041","1,60%"
23.01.2009,"13,2673","13,0794","13,3872","12,9041","1,60%"
26.01.2009,"13,2851","13,2323","13,3605","13,0210","0,13%"
26.01.2009,"13,2851","13,2323","13,3605","13,0210","0,13%"
27.01.2009,"13,1502","13,2591","13,4751","13,0438","-1,02%"
27.01.2009,"13,1502","13,2591","13,4751","13,0438","-1,02%"
28.01.2009,"12,9659","13,0840","13,3465","12,8750","-1,40%"
28.01.2009,"12,9659","13,0840","13,3465","12,8750","-1,40%"
29.01.2009,"12,9634","12,8975","13,1472","12,8363","-0,02%"
29.01.2009,"12,9634","12,8975","13,1472","12,8363","-0,02%"
30.01.2009,"13,0522","12,8898","13,1797","12,8332","0,69%"
30.01.2009,"13,0522","12,8898","13,1797","12,8332","0,69%"
02.02.2009,"13,0540","12,9457","13,2196","12,8862","0,01%"
02.02.2009,"13,0540","12,9457","13,2196","12,8862","0,01%"
03.02.2009,"13,0642","12,9564","13,2115","12,8926","0,08%"
03.02.2009,"13,0642","12,9564","13,2115","12,8926","0,08%"
04.02.2009,"12,8772","13,0527","13,2267","12,7117","-1,43%"
04.02.2009,"12,8772","13,0527","13,2267","12,7117","-1,43%"
05.02.2009,"12,5592","12,8720","12,9922","12,4806","-2,47%"
05.02.2009,"12,5592","12,8720","12,9922","12,4806","-2,47%"
06.02.2009,"12,3757","12,5177","12,8437","12,2879","-1,46%"
06.02.2009,"12,3757","12,5177","12,8437","12,2879","-1,46%"
09.02.2009,"12,5326","12,3842","12,6719","12,3442","1,27%"
09.02.2009,"12,5326","12,3842","12,6719","12,3442","1,27%"
10.02.2009,"12,7616","12,4636","12,8128","12,3076","1,83%"
10.02.2009,"12,7616","12,4636","12,8128","12,3076","1,83%"
11.02.2009,"12,6510","12,7571","12,9311","12,5974","-0,87%"
11.02.2009,"12,6510","12,7571","12,9311","12,5974","-0,87%"
12.02.2009,"12,8427","12,6049","13,0870","12,5621","1,52%"
12.02.2009,"12,8427","12,6049","13,0870","12,5621","1,52%"
13.02.2009,"12,7752","12,6601","12,9759","12,6343","-0,53%"
13.02.2009,"12,7752","12,6601","12,9759","12,6343","-0,53%"
16.02.2009,"12,8215","12,5846","12,9750","12,5816","0,36%"
16.02.2009,"12,8215","12,5846","12,9750","12,5816","0,36%"
17.02.2009,"12,9446","12,7629","13,0244","12,6437","0,96%"
17.02.2009,"12,9446","12,7629","13,0244","12,6437","0,96%"
18.02.2009,"12,8028","12,9047","13,0171","12,6791","-1,10%"
18.02.2009,"12,8028","12,9047","13,0171","12,6791","-1,10%"
19.02.2009,"12,8419","12,7064","12,9028","12,5522","0,31%"
19.02.2009,"12,8419","12,7064","12,9028","12,5522","0,31%"
20.02.2009,"12,9458","12,7187","13,1182","12,7035","0,81%"
20.02.2009,"12,9458","12,7187","13,1182","12,7035","0,81%"
23.02.2009,"12,8003","12,9250","13,0713","12,6420","-1,12%"
23.02.2009,"12,8003","12,9250","13,0713","12,6420","-1,12%"
24.02.2009,"12,6788","12,7158","13,0012","12,5822","-0,95%"
24.02.2009,"12,6788","12,7158","13,0012","12,5822","-0,95%"
25.02.2009,"12,6327","12,6522","12,9120","12,5174","-0,36%"
25.02.2009,"12,6327","12,6522","12,9120","12,5174","-0,36%"
26.02.2009,"12,6037","12,5771","12,8087","12,4592","-0,23%"
26.02.2009,"12,6037","12,5771","12,8087","12,4592","-0,23%"
27.02.2009,"12,8000","12,5528","12,9142","12,4398","1,56%"
27.02.2009,"12,8000","12,5528","12,9142","12,4398","1,56%"
02.03.2009,"13,2467","12,6891","13,2761","12,6755","3,49%"
02.03.2009,"13,2467","12,6891","13,2761","12,6755","3,49%"
03.03.2009,"13,2189","13,1776","13,3459","13,0042","-0,21%"
03.03.2009,"13,2189","13,1776","13,3459","13,0042","-0,21%"
04.03.2009,"13,0899","13,1777","13,3512","12,9439","-0,98%"
04.03.2009,"13,0899","13,1777","13,3512","12,9439","-0,98%"
05.03.2009,"13,3507","13,0747","13,4231","12,9276","1,99%"
05.03.2009,"13,3507","13,0747","13,4231","12,9276","1,99%"
06.03.2009,"13,1930","13,2821","13,5002","13,0599","-1,18%"
06.03.2009,"13,1930","13,2821","13,5002","13,0599","-1,18%"
09.03.2009,"13,4172","13,2243","13,4941","13,0811","1,70%"
09.03.2009,"13,4172","13,2243","13,4941","13,0811","1,70%"
10.03.2009,"13,0447","13,3918","13,5119","12,9549","-2,78%"
10.03.2009,"13,0447","13,3918","13,5119","12,9549","-2,78%"
11.03.2009,"12,9381","12,9907","13,1837","12,8405","-0,82%"
11.03.2009,"12,9381","12,9907","13,1837","12,8405","-0,82%"
12.03.2009,"12,8121","12,8869","13,2001","12,6602","-0,97%"
12.03.2009,"12,8121","12,8869","13,2001","12,6602","-0,97%"
13.03.2009,"12,8976","12,7674","13,0184","12,6749","0,67%"
13.03.2009,"12,8976","12,7674","13,0184","12,6749","0,67%"
16.03.2009,"12,9027","12,8263","13,0120","12,7156","0,04%"
16.03.2009,"12,9027","12,8263","13,0120","12,7156","0,04%"
17.03.2009,"12,8068","12,8343","13,0361","12,7264","-0,74%"
17.03.2009,"12,8068","12,8343","13,0361","12,7264","-0,74%"
18.03.2009,"13,0140","12,7700","13,2076","12,7286","1,62%"
18.03.2009,"13,0140","12,7700","13,2076","12,7286","1,62%"
19.03.2009,"13,1801","12,9821","13,3173","12,8688","1,28%"
19.03.2009,"13,1801","12,9821","13,3173","12,8688","1,28%"
20.03.2009,"13,0397","13,1085","13,3893","12,9041","-1,07%"
20.03.2009,"13,0397","13,1085","13,3893","12,9041","-1,07%"
23.03.2009,"12,8553","13,1004","13,1785","12,7056","-1,41%"
23.03.2009,"12,8553","13,1004","13,1785","12,7056","-1,41%"
24.03.2009,"12,7494","12,7633","12,9787","12,6597","-0,82%"
24.03.2009,"12,7494","12,7633","12,9787","12,6597","-0,82%"
25.03.2009,"12,9015","12,7076","12,9826","12,6559","1,19%"
25.03.2009,"12,9015","12,7076","12,9826","12,6559","1,19%"
26.03.2009,"12,6532","12,8475","12,9837","12,5436","-1,92%"
26.03.2009,"12,6532","12,8475","12,9837","12,5436","-1,92%"
27.03.2009,"12,7489","12,5918","12,9315","12,5607","0,76%"
27.03.2009,"12,7489","12,5918","12,9315","12,5607","0,76%"
30.03.2009,"12,7983","12,6653","13,0139","12,6225","0,39%"
30.03.2009,"12,7983","12,6653","13,0139","12,6225","0,39%"
31.03.2009,"12,6692","12,7258","12,8560","12,4878","-1,01%"
31.03.2009,"12,6692","12,7258","12,8560","12,4878","-1,01%"
01.04.2009,"12,4239","12,5744","12,7623","12,2654","-1,94%"
01.04.2009,"12,4239","12,5744","12,7623","12,2654","-1,94%"
02.04.2009,"12,2293","12,3446","12,4977","12,0736","-1,57%"
02.04.2009,"12,2293","12,3446","12,4977","12,0736","-1,57%"
03.04.2009,"12,2035","12,1539","12,4437","12,0378","-0,21%"
03.04.2009,"12,2035","12,1539","12,4437","12,0378","-0,21%"
06.04.2009,"12,1682","12,1892","12,3540","12,0222","-0,29%"
06.04.2009,"12,1682","12,1892","12,3540","12,0222","-0,29%"
07.04.2009,"12,1989","12,1046","12,3216","12,0317","0,25%"
07.04.2009,"12,1989","12,1046","12,3216","12,0317","0,25%"
08.04.2009,"12,1365","12,1517","12,2964","11,9944","-0,51%"
08.04.2009,"12,1365","12,1517","12,2964","11,9944","-0,51%"
09.04.2009,"11,9657","12,0892","12,2159","11,8386","-1,41%"
09.04.2009,"11,9657","12,0892","12,2159","11,8386","-1,41%"
10.04.2009,"11,9488","11,9737","12,0437","11,7970","-0,14%"
10.04.2009,"11,9488","11,9737","12,0437","11,7970","-0,14%"
13.04.2009,"12,0396","11,9220","12,1255","11,7884","0,76%"
13.04.2009,"12,0396","11,9220","12,1255","11,7884","0,76%"
14.04.2009,"12,0908","11,9882","12,2082","11,8546","0,43%"
14.04.2009,"12,0908","11,9882","12,2082","11,8546","0,43%"
15.04.2009,"11,9324","12,0136","12,1986","11,8891","-1,31%"
15.04.2009,"11,9324","12,0136","12,1986","11,8891","-1,31%"
16.04.2009,"11,7395","11,9238","12,1144","11,6322","-1,62%"
16.04.2009,"11,7395","11,9238","12,1144","11,6322","-1,62%"
17.04.2009,"11,6430","11,6959","11,8207","11,5193","-0,82%"
17.04.2009,"11,6430","11,6959","11,8207","11,5193","-0,82%"
20.04.2009,"11,7334","11,6205","11,8391","11,5374","0,78%"
20.04.2009,"11,7334","11,6205","11,8391","11,5374","0,78%"
21.04.2009,"11,6182","11,7007","11,8480","11,4943","-0,98%"
21.04.2009,"11,6182","11,7007","11,8480","11,4943","-0,98%"
22.04.2009,"11,5678","11,5951","11,8118","11,4483","-0,43%"
22.04.2009,"11,5678","11,5951","11,8118","11,4483","-0,43%"
23.04.2009,"11,7196","11,5469","11,7626","11,4879","1,31%"
23.04.2009,"11,7196","11,5469","11,7626","11,4879","1,31%"
24.04.2009,"11,5518","11,6696","11,8661","11,4484","-1,43%"
24.04.2009,"11,5518","11,6696","11,8661","11,4484","-1,43%"
27.04.2009,"11,4265","11,4791","11,7448","11,3283","-1,08%"
27.04.2009,"11,4265","11,4791","11,7448","11,3283","-1,08%"
28.04.2009,"11,3525","11,3712","11,6012","11,2130","-0,65%"
28.04.2009,"11,3525","11,3712","11,6012","11,2130","-0,65%"
29.04.2009,"11,2733","11,3315","11,4688","11,1733","-0,70%"
29.04.2009,"11,2733","11,3315","11,4688","11,1733","-0,70%"
30.04.2009,"11,1849","11,2576","11,4045","11,0908","-0,78%"
30.04.2009,"11,1849","11,2576","11,4045","11,0908","-0,78%"
01.05.2009,"11,1700","11,1917","11,2812","11,0545","-0,13%"
01.05.2009,"11,1700","11,1917","11,2812","11,0545","-0,13%"
04.05.2009,"11,1345","11,1697","11,3140","10,9155","-0,32%"
04.05.2009,"11,1345","11,1697","11,3140","10,9155","-0,32%"
05.05.2009,"11,1971","11,1169","11,2783","10,9569","0,56%"
05.05.2009,"11,1971","11,1169","11,2783","10,9569","0,56%"
06.05.2009,"11,0675","11,1829","11,3898","10,9243","-1,16%"
06.05.2009,"11,0675","11,1829","11,3898","10,9243","-1,16%"
07.05.2009,"11,2765","11,0589","11,3161","10,9600","1,89%"
07.05.2009,"11,2765","11,0589","11,3161","10,9600","1,89%"
08.05.2009,"11,2926","11,2605","11,3734","11,0868","0,14%"
08.05.2009,"11,2926","11,2605","11,3734","11,0868","0,14%"
11.05.2009,"11,5071","11,3180","11,6071","11,1968","1,90%"
11.05.2009,"11,5071","11,3180","11,6071","11,1968","1,90%"
12.05.2009,"11,5173","11,4931","11,6352","11,3568","0,09%"
12.05.2009,"11,5173","11,4931","11,6352","11,3568","0,09%"
13.05.2009,"11,6013","11,5009","11,6660","11,3535","0,73%"
13.05.2009,"11,6013","11,5009","11,6660","11,3535","0,73%"
14.05.2009,"11,6580","11,5727","11,7468","11,4208","0,49%"
14.05.2009,"11,6580","11,5727","11,7468","11,4208","0,49%"
15.05.2009,"11,7485","11,6303","11,9482","11,4560","0,78%"
15.05.2009,"11,7485","11,6303","11,9482","11,4560","0,78%"
18.05.2009,"11,5565","11,7637","11,8048","11,4734","-1,63%"
18.05.2009,"11,5565","11,7637","11,8048","11,4734","-1,63%"
19.05.2009,"11,5161","11,5444","11,6243","11,3960","-0,35%"
19.05.2009,"11,5161","11,5444","11,6243","11,3960","-0,35%"
20.05.2009,"11,5255","11,4995","11,5831","11,3339","0,08%"
20.05.2009,"11,5255","11,4995","11,5831","11,3339","0,08%"
21.05.2009,"11,5698","11,5006","11,6742","11,4018","0,38%"
21.05.2009,"11,5698","11,5006","11,6742","11,4018","0,38%"
22.05.2009,"11,5871","11,5534","11,6930","11,4081","0,15%"
22.05.2009,"11,5871","11,5534","11,6930","11,4081","0,15%"
25.05.2009,"11,5584","11,6334","11,6937","11,3993","-0,25%"
25.05.2009,"11,5584","11,6334","11,6937","11,3993","-0,25%"
26.05.2009,"11,5802","11,5400","11,7187","11,4610","0,19%"
26.05.2009,"11,5802","11,5400","11,7187","11,4610","0,19%"
27.05.2009,"11,3334","11,5187","11,6579","11,1491","-2,13%"
27.05.2009,"11,3334","11,5187","11,6579","11,1491","-2,13%"
28.05.2009,"11,1789","11,2597","11,3987","11,0457","-1,36%"
28.05.2009,"11,1789","11,2597","11,3987","11,0457","-1,36%"
29.05.2009,"11,2369","11,1653","11,4078","11,0408","0,52%"
29.05.2009,"11,2369","11,1653","11,4078","11,0408","0,52%"
01.06.2009,"11,3509","11,1203","11,3745","11,0484","1,01%"
01.06.2009,"11,3509","11,1203","11,3745","11,0484","1,01%"
02.06.2009,"11,3702","11,2744","11,5194","11,2029","0,17%"
02.06.2009,"11,3702","11,2744","11,5194","11,2029","0,17%"
03.06.2009,"11,4292","11,3893","11,5042","11,2062","0,52%"
03.06.2009,"11,4292","11,3893","11,5042","11,2062","0,52%"
04.06.2009,"11,3436","11,4148","11,5067","11,2148","-0,75%"
04.06.2009,"11,3436","11,4148","11,5067","11,2148","-0,75%"
05.06.2009,"11,2611","11,3210","11,4839","11,1484","-0,73%"
05.06.2009,"11,2611","11,3210","11,4839","11,1484","-0,73%"
08.06.2009,"11,3298","11,2345","11,4078","11,1785","0,61%"
08.06.2009,"11,3298","11,2345","11,4078","11,1785","0,61%"
09.06.2009,"11,3654","11,3126","11,3941","11,2068","0,31%"
09.06.2009,"11,3654","11,3126","11,3941","11,2068","0,31%"
10.06.2009,"11,2738","11,3547","11,4383","11,1912","-0,81%"
10.06.2009,"11,2738","11,3547","11,4383","11,1912","-0,81%"
11.06.2009,"11,2118","11,2593","11,3475","11,1195","-0,55%"
11.06.2009,"11,2118","11,2593","11,3475","11,1195","-0,55%"
12.06.2009,"11,2753","11,1846","11,3208","11,1061","0,57%"
12.06.2009,"11,2753","11,1846","11,3208","11,1061","0,57%"
15.06.2009,"11,1569","11,2071","11,2641","11,0485","-1,05%"
15.06.2009,"11,1569","11,2071","11,2641","11,0485","-1,05%"
16.06.2009,"11,1724","11,1545","11,2356","10,9787","0,14%"
16.06.2009,"11,1724","11,1545","11,2356","10,9787","0,14%"
17.06.2009,"11,2319","11,1079","11,3201","11,0567","0,53%"
17.06.2009,"11,2319","11,1079","11,3201","11,0567","0,53%"
18.06.2009,"11,3426","11,2162","11,3916","11,1341","0,99%"
18.06.2009,"11,3426","11,2162","11,3916","11,1341","0,99%"
19.06.2009,"11,2938","11,3483","11,4497","11,1786","-0,43%"
19.06.2009,"11,2938","11,3483","11,4497","11,1786","-0,43%"
22.06.2009,"11,3863","11,2829","11,4060","11,1515","0,82%"
22.06.2009,"11,3863","11,2829","11,4060","11,1515","0,82%"
23.06.2009,"11,5057","11,3673","11,5578","11,2808","1,05%"
23.06.2009,"11,5057","11,3673","11,5578","11,2808","1,05%"
24.06.2009,"11,2195","11,5119","11,5780","11,1054","-2,49%"
24.06.2009,"11,2195","11,5119","11,5780","11,1054","-2,49%"
25.06.2009,"11,2146","11,2389","11,2982","11,0791","-0,04%"
25.06.2009,"11,2146","11,2389","11,2982","11,0791","-0,04%"
26.06.2009,"11,1008","11,2008","11,2966","10,9871","-1,01%"
26.06.2009,"11,1008","11,2008","11,2966","10,9871","-1,01%"
29.06.2009,"11,0106","11,0843","11,1896","10,8770","-0,81%"
29.06.2009,"11,0106","11,0843","11,1896","10,8770","-0,81%"
30.06.2009,"10,8424","10,9991","11,0625","10,7391","-1,53%"
30.06.2009,"10,8424","10,9991","11,0625","10,7391","-1,53%"
01.07.2009,"10,9489","10,8264","11,0160","10,7481","0,98%"
01.07.2009,"10,9489","10,8264","11,0160","10,7481","0,98%"
02.07.2009,"10,9744","10,9358","11,0456","10,8098","0,23%"
02.07.2009,"10,9744","10,9358","11,0456","10,8098","0,23%"
03.07.2009,"11,0636","10,9526","11,1572","10,8810","0,81%"
03.07.2009,"11,0636","10,9526","11,1572","10,8810","0,81%"
06.07.2009,"11,0939","11,0392","11,2356","10,9834","0,27%"
06.07.2009,"11,0939","11,0392","11,2356","10,9834","0,27%"
07.07.2009,"11,2432","11,0765","11,2728","11,0140","1,35%"
07.07.2009,"11,2432","11,0765","11,2728","11,0140","1,35%"
08.07.2009,"11,3850","11,2309","11,4155","11,1881","1,26%"
08.07.2009,"11,3850","11,2309","11,4155","11,1881","1,26%"
09.07.2009,"11,3892","11,3785","11,4353","11,2181","0,04%"
09.07.2009,"11,3892","11,3785","11,4353","11,2181","0,04%"
10.07.2009,"11,4773","11,3660","11,5441","11,2645","0,77%"
10.07.2009,"11,4773","11,3660","11,5441","11,2645","0,77%"
13.07.2009,"11,5061","11,4600","11,6610","11,3843","0,25%"
13.07.2009,"11,5061","11,4600","11,6610","11,3843","0,25%"
14.07.2009,"11,5707","11,4966","11,6068","11,3362","0,56%"
14.07.2009,"11,5707","11,4966","11,6068","11,3362","0,56%"
15.07.2009,"11,4611","11,5279","11,5860","11,3412","-0,95%"
15.07.2009,"11,4611","11,5279","11,5860","11,3412","-0,95%"
16.07.2009,"11,4162","11,3793","11,5693","11,2912","-0,39%"
16.07.2009,"11,4162","11,3793","11,5693","11,2912","-0,39%"
17.07.2009,"11,3462","11,4014","11,4846","11,2326","-0,61%"
17.07.2009,"11,3462","11,4014","11,4846","11,2326","-0,61%"
20.07.2009,"11,1427","11,3504","11,4278","11,0542","-1,79%"
20.07.2009,"11,1427","11,3504","11,4278","11,0542","-1,79%"
21.07.2009,"11,0952","11,1296","11,2504","10,9753","-0,43%"
21.07.2009,"11,0952","11,1296","11,2504","10,9753","-0,43%"
22.07.2009,"10,9823","11,0738","11,1779","10,8496","-1,02%"
22.07.2009,"10,9823","11,0738","11,1779","10,8496","-1,02%"
23.07.2009,"10,9563","10,9028","11,0400","10,7842","-0,24%"
23.07.2009,"10,9563","10,9028","11,0400","10,7842","-0,24%"
24.07.2009,"11,0082","10,9229","11,0917","10,8361","0,47%"
24.07.2009,"11,0082","10,9229","11,0917","10,8361","0,47%"
27.07.2009,"11,0865","11,0097","11,1690","10,9130","0,71%"
27.07.2009,"11,0865","11,0097","11,1690","10,9130","0,71%"
28.07.2009,"11,1424","11,0126","11,2636","10,9446","0,50%"
28.07.2009,"11,1424","11,0126","11,2636","10,9446","0,50%"
29.07.2009,"11,0703","11,0715","11,2451","10,9669","-0,65%"
29.07.2009,"11,0703","11,0715","11,2451","10,9669","-0,65%"
30.07.2009,"10,9519","11,0531","11,2036","10,8557","-1,07%"
30.07.2009,"10,9519","11,0531","11,2036","10,8557","-1,07%"
31.07.2009,"11,0594","10,8996","11,1694","10,8701","0,98%"
31.07.2009,"11,0594","10,8996","11,1694","10,8701","0,98%"
03.08.2009,"11,1890","11,0954","11,2600","10,9344","1,17%"
03.08.2009,"11,1890","11,0954","11,2600","10,9344","1,17%"
04.08.2009,"11,3072","11,1125","11,3630","11,0734","1,06%"
04.08.2009,"11,3072","11,1125","11,3630","11,0734","1,06%"
05.08.2009,"11,3855","11,2690","11,5543","11,2114","0,69%"
05.08.2009,"11,3855","11,2690","11,5543","11,2114","0,69%"
06.08.2009,"11,5776","11,3726","11,6441","11,2959","1,69%"
06.08.2009,"11,5776","11,3726","11,6441","11,2959","1,69%"
07.08.2009,"11,3341","11,5556","11,7701","11,2207","-2,10%"
07.08.2009,"11,3341","11,5556","11,7701","11,2207","-2,10%"
10.08.2009,"11,4389","11,3115","11,5568","11,2424","0,92%"
10.08.2009,"11,4389","11,3115","11,5568","11,2424","0,92%"
11.08.2009,"11,4692","11,4001","11,6381","11,3264","0,26%"
11.08.2009,"11,4692","11,4001","11,6381","11,3264","0,26%"
12.08.2009,"11,4657","11,3981","11,6359","11,3364","-0,03%"
12.08.2009,"11,4657","11,3981","11,6359","11,3364","-0,03%"
13.08.2009,"11,4594","11,3935","11,6038","11,2686","-0,05%"
13.08.2009,"11,4594","11,3935","11,6038","11,2686","-0,05%"
14.08.2009,"11,4883","11,4183","11,5445","11,3177","0,25%"
14.08.2009,"11,4883","11,4183","11,5445","11,3177","0,25%"
17.08.2009,"11,4995","11,4189","11,6537","11,3717","0,10%"
17.08.2009,"11,4995","11,4189","11,6537","11,3717","0,10%"
18.08.2009,"11,3340","11,4652","11,5436","11,2341","-1,44%"
18.08.2009,"11,3340","11,4652","11,5436","11,2341","-1,44%"
19.08.2009,"11,4050","11,3267","11,4643","11,2465","0,63%"
19.08.2009,"11,4050","11,3267","11,4643","11,2465","0,63%"
20.08.2009,"11,2818","11,3322","11,4565","11,1665","-1,08%"
20.08.2009,"11,2818","11,3322","11,4565","11,1665","-1,08%"
21.08.2009,"11,1862","11,2316","11,4117","11,0411","-0,85%"
21.08.2009,"11,1862","11,2316","11,4117","11,0411","-0,85%"
24.08.2009,"11,1409","11,0899","11,2461","11,0365","-0,40%"
24.08.2009,"11,1409","11,0899","11,2461","11,0365","-0,40%"
25.08.2009,"11,1822","11,1223","11,3190","11,0312","0,37%"
25.08.2009,"11,1822","11,1223","11,3190","11,0312","0,37%"
26.08.2009,"11,2125","11,1818","11,3065","11,0546","0,27%"
26.08.2009,"11,2125","11,1818","11,3065","11,0546","0,27%"
27.08.2009,"11,1747","11,1352","11,3697","11,0751","-0,34%"
27.08.2009,"11,1747","11,1352","11,3697","11,0751","-0,34%"
28.08.2009,"11,0857","11,0947","11,2717","10,9560","-0,80%"
28.08.2009,"11,0857","11,0947","11,2717","10,9560","-0,80%"
31.08.2009,"11,1501","11,0346","11,2077","11,0153","0,58%"
31.08.2009,"11,1501","11,0346","11,2077","11,0153","0,58%"
01.09.2009,"11,2461","11,1315","11,3347","11,0234","0,86%"
01.09.2009,"11,2461","11,1315","11,3347","11,0234","0,86%"
02.09.2009,"11,1319","11,2137","11,2812","11,0481","-1,02%"
02.09.2009,"11,1319","11,2137","11,2812","11,0481","-1,02%"
03.09.2009,"10,9052","11,1174","11,1562","10,8074","-2,04%"
03.09.2009,"10,9052","11,1174","11,1562","10,8074","-2,04%"
04.09.2009,"10,8669","10,8361","11,0050","10,7689","-0,35%"
04.09.2009,"10,8669","10,8361","11,0050","10,7689","-0,35%"
07.09.2009,"10,8670","10,8651","11,0252","10,7822","0,00%"
07.09.2009,"10,8670","10,8651","11,0252","10,7822","0,00%"
08.09.2009,"10,8963","10,7919","10,9715","10,7289","0,27%"
08.09.2009,"10,8963","10,7919","10,9715","10,7289","0,27%"
09.09.2009,"10,9427","10,8935","11,0311","10,7380","0,43%"
09.09.2009,"10,9427","10,8935","11,0311","10,7380","0,43%"
10.09.2009,"11,0294","10,9304","11,1001","10,8957","0,79%"
10.09.2009,"11,0294","10,9304","11,1001","10,8957","0,79%"
11.09.2009,"10,8415","10,9557","11,1387","10,7556","-1,70%"
11.09.2009,"10,8415","10,9557","11,1387","10,7556","-1,70%"
14.09.2009,"10,9102","10,8237","11,0240","10,7805","0,63%"
14.09.2009,"10,9102","10,8237","11,0240","10,7805","0,63%"
15.09.2009,"10,8103","10,8357","10,9475","10,6996","-0,92%"
15.09.2009,"10,8103","10,8357","10,9475","10,6996","-0,92%"
16.09.2009,"10,7787","10,7453","10,9433","10,6633","-0,29%"
16.09.2009,"10,7787","10,7453","10,9433","10,6633","-0,29%"
17.09.2009,"10,8851","10,6858","11,0015","10,6802","0,99%"
17.09.2009,"10,8851","10,6858","11,0015","10,6802","0,99%"
18.09.2009,"10,9295","10,8281","11,0644","10,8068","0,41%"
18.09.2009,"10,9295","10,8281","11,0644","10,8068","0,41%"
21.09.2009,"10,9616","10,9003","11,1158","10,8632","0,29%"
21.09.2009,"10,9616","10,9003","11,1158","10,8632","0,29%"
22.09.2009,"10,9176","10,8896","11,0910","10,8212","-0,40%"
22.09.2009,"10,9176","10,8896","11,0910","10,8212","-0,40%"
23.09.2009,"10,9271","10,8396","11,1183","10,8069","0,09%"
23.09.2009,"10,9271","10,8396","11,1183","10,8069","0,09%"
24.09.2009,"10,9506","10,9428","11,0671","10,8389","0,22%"
24.09.2009,"10,9506","10,9428","11,0671","10,8389","0,22%"
25.09.2009,"10,8852","10,8865","11,0094","10,8095","-0,60%"
25.09.2009,"10,8852","10,8865","11,0094","10,8095","-0,60%"
28.09.2009,"10,8477","10,8684","11,0058","10,7390","-0,34%"
28.09.2009,"10,8477","10,8684","11,0058","10,7390","-0,34%"
29.09.2009,"10,8204","10,7727","10,9490","10,7032","-0,25%"
29.09.2009,"10,8204","10,7727","10,9490","10,7032","-0,25%"
30.09.2009,"10,9956","10,7488","11,1702","10,7040","1,62%"
30.09.2009,"10,9956","10,7488","11,1702","10,7040","1,62%"
01.10.2009,"11,2105","10,9379","11,2862","10,9247","1,95%"
01.10.2009,"11,2105","10,9379","11,2862","10,9247","1,95%"
02.10.2009,"11,1293","11,1380","11,3510","11,0268","-0,72%"
02.10.2009,"11,1293","11,1380","11,3510","11,0268","-0,72%"
05.10.2009,"10,9659","11,1030","11,2037","10,8293","-1,47%"
05.10.2009,"10,9659","11,1030","11,2037","10,8293","-1,47%"
06.10.2009,"10,9388","10,9120","11,0475","10,7839","-0,25%"
06.10.2009,"10,9388","10,9120","11,0475","10,7839","-0,25%"
07.10.2009,"10,9198","10,9207","11,0367","10,8198","-0,17%"
07.10.2009,"10,9198","10,9207","11,0367","10,8198","-0,17%"
08.10.2009,"10,8466","10,8461","10,9471","10,7126","-0,67%"
08.10.2009,"10,8466","10,8461","10,9471","10,7126","-0,67%"
09.10.2009,"10,9054","10,7974","10,9444","10,7438","0,54%"
09.10.2009,"10,9054","10,7974","10,9444","10,7438","0,54%"
12.10.2009,"10,8455","10,8133","11,0143","10,7321","-0,55%"
12.10.2009,"10,8455","10,8133","11,0143","10,7321","-0,55%"
13.10.2009,"10,8913","10,8212","10,9694","10,7517","0,42%"
13.10.2009,"10,8913","10,8212","10,9694","10,7517","0,42%"
14.10.2009,"10,8194","10,7944","10,9997","10,7118","-0,66%"
14.10.2009,"10,8194","10,7944","10,9997","10,7118","-0,66%"
15.10.2009,"10,8508","10,7320","10,9184","10,7251","0,29%"
15.10.2009,"10,8508","10,7320","10,9184","10,7251","0,29%"
16.10.2009,"10,9560","10,8120","11,0595","10,7562","0,97%"
16.10.2009,"10,9560","10,8120","11,0595","10,7562","0,97%"
19.10.2009,"10,9125","10,9084","11,0296","10,8146","-0,40%"
19.10.2009,"10,9125","10,9084","11,0296","10,8146","-0,40%"
20.10.2009,"11,0074","10,8782","11,1278","10,8267","0,87%"
20.10.2009,"11,0074","10,8782","11,1278","10,8267","0,87%"
21.10.2009,"11,1074","10,9422","11,1398","10,9189","0,91%"
21.10.2009,"11,1074","10,9422","11,1398","10,9189","0,91%"
22.10.2009,"11,1035","11,0550","11,3012","10,9809","-0,04%"
22.10.2009,"11,1035","11,0550","11,3012","10,9809","-0,04%"
23.10.2009,"11,1945","11,1193","11,2552","11,0253","0,82%"
23.10.2009,"11,1945","11,1193","11,2552","11,0253","0,82%"
26.10.2009,"11,2849","11,1570","11,4248","11,1128","0,81%"
26.10.2009,"11,2849","11,1570","11,4248","11,1128","0,81%"
27.10.2009,"11,3502","11,2639","11,4668","11,1533","0,58%"
27.10.2009,"11,3502","11,2639","11,4668","11,1533","0,58%"
28.10.2009,"11,5873","11,2834","11,6781","11,2647","2,09%"
28.10.2009,"11,5873","11,2834","11,6781","11,2647","2,09%"
29.10.2009,"11,4575","11,5078","11,5876","11,3324","-1,12%"
29.10.2009,"11,4575","11,5078","11,5876","11,3324","-1,12%"
30.10.2009,"11,5022","11,4355","11,6546","11,2628","0,39%"
30.10.2009,"11,5022","11,4355","11,6546","11,2628","0,39%"
02.11.2009,"11,7601","11,4548","12,1449","11,4469","2,24%"
02.11.2009,"11,7601","11,4548","12,1449","11,4469","2,24%"
03.11.2009,"11,5304","11,7208","11,8016","11,4210","-1,95%"
03.11.2009,"11,5304","11,7208","11,8016","11,4210","-1,95%"
04.11.2009,"11,3658","11,4577","11,5623","11,2159","-1,43%"
04.11.2009,"11,3658","11,4577","11,5623","11,2159","-1,43%"
05.11.2009,"11,3227","11,2615","11,4582","11,1563","-0,38%"
05.11.2009,"11,3227","11,2615","11,4582","11,1563","-0,38%"
06.11.2009,"11,2028","11,2024","11,3531","11,0776","-1,06%"
06.11.2009,"11,2028","11,2024","11,3531","11,0776","-1,06%"
09.11.2009,"11,1410","11,1905","11,3249","11,0078","-0,55%"
09.11.2009,"11,1410","11,1905","11,3249","11,0078","-0,55%"
10.11.2009,"11,0706","11,1233","11,2476","10,9700","-0,63%"
10.11.2009,"11,0706","11,1233","11,2476","10,9700","-0,63%"
11.11.2009,"11,0343","11,0395","11,1422","10,9343","-0,33%"
11.11.2009,"11,0343","11,0395","11,1422","10,9343","-0,33%"
12.11.2009,"11,1026","11,0245","11,2343","10,9484","0,62%"
12.11.2009,"11,1026","11,0245","11,2343","10,9484","0,62%"
13.11.2009,"11,0542","10,9994","11,1781","10,9513","-0,44%"
13.11.2009,"11,0542","10,9994","11,1781","10,9513","-0,44%"
16.11.2009,"11,0168","11,0206","11,2268","10,9124","-0,34%"
16.11.2009,"11,0168","11,0206","11,2268","10,9124","-0,34%"
17.11.2009,"11,0733","11,0060","11,2410","10,9196","0,51%"
17.11.2009,"11,0733","11,0060","11,2410","10,9196","0,51%"
18.11.2009,"11,1564","10,9993","11,2582","10,9872","0,75%"
18.11.2009,"11,1564","10,9993","11,2582","10,9872","0,75%"
19.11.2009,"11,2433","11,1235","11,3310","11,0592","0,78%"
19.11.2009,"11,2433","11,1235","11,3310","11,0592","0,78%"
20.11.2009,"11,2940","11,1743","11,3239","11,1020","0,45%"
20.11.2009,"11,2940","11,1743","11,3239","11,1020","0,45%"
23.11.2009,"11,2222","11,3003","11,3841","11,1063","-0,64%"
23.11.2009,"11,2222","11,3003","11,3841","11,1063","-0,64%"
24.11.2009,"11,1762","11,1497","11,3307","11,0600","-0,41%"
24.11.2009,"11,1762","11,1497","11,3307","11,0600","-0,41%"
25.11.2009,"11,0973","11,1669","11,2511","10,9624","-0,71%"
25.11.2009,"11,0973","11,1669","11,2511","10,9624","-0,71%"
26.11.2009,"11,2474","11,0131","11,2984","11,0061","1,35%"
26.11.2009,"11,2474","11,0131","11,2984","11,0061","1,35%"
27.11.2009,"11,0883","11,2027","11,3920","10,9838","-1,41%"
27.11.2009,"11,0883","11,2027","11,3920","10,9838","-1,41%"
30.11.2009,"11,1138","10,9941","11,2179","10,9513","0,23%"
30.11.2009,"11,1138","10,9941","11,2179","10,9513","0,23%"
01.12.2009,"11,0240","11,0745","11,1729","10,9277","-0,81%"
01.12.2009,"11,0240","11,0745","11,1729","10,9277","-0,81%"
02.12.2009,"11,0267","10,9834","11,0876","10,8985","0,02%"
02.12.2009,"11,0267","10,9834","11,0876","10,8985","0,02%"
03.12.2009,"11,1224","11,0086","11,2048","10,9200","0,87%"
03.12.2009,"11,1224","11,0086","11,2048","10,9200","0,87%"
04.12.2009,"11,0629","11,1435","11,2147","10,8986","-0,53%"
04.12.2009,"11,0629","11,1435","11,2147","10,8986","-0,53%"
07.12.2009,"11,0864","11,0012","11,1246","10,9230","0,21%"
07.12.2009,"11,0864","11,0012","11,1246","10,9230","0,21%"
08.12.2009,"11,1319","11,0498","11,1357","10,9357","0,41%"
08.12.2009,"11,1319","11,0498","11,1357","10,9357","0,41%"
09.12.2009,"11,1616","11,1236","11,2310","11,0058","0,27%"
09.12.2009,"11,1616","11,1236","11,2310","11,0058","0,27%"
10.12.2009,"11,0969","11,1424","11,1719","10,9570","-0,58%"
10.12.2009,"11,0969","11,1424","11,1719","10,9570","-0,58%"
11.12.2009,"11,0056","11,0932","11,1955","10,8696","-0,82%"
11.12.2009,"11,0056","11,0932","11,1955","10,8696","-0,82%"
14.12.2009,"10,8634","10,9793","11,0601","10,7033","-1,29%"
14.12.2009,"10,8634","10,9793","11,0601","10,7033","-1,29%"
15.12.2009,"10,8206","10,8337","10,9103","10,6534","-0,39%"
15.12.2009,"10,8206","10,8337","10,9103","10,6534","-0,39%"
16.12.2009,"10,8029","10,7988","10,8687","10,5975","-0,16%"
16.12.2009,"10,8029","10,7988","10,8687","10,5975","-0,16%"
17.12.2009,"10,7856","10,7306","10,8618","10,6520","-0,16%"
17.12.2009,"10,7856","10,7306","10,8618","10,6520","-0,16%"
18.12.2009,"10,8689","10,7606","10,9402","10,7112","0,77%"
18.12.2009,"10,8689","10,7606","10,9402","10,7112","0,77%"
21.12.2009,"11,0783","10,7931","11,1611","10,7530","1,93%"
21.12.2009,"11,0783","10,7931","11,1611","10,7530","1,93%"
22.12.2009,"10,9950","10,9786","11,0986","10,9074","-0,75%"
22.12.2009,"10,9950","10,9786","11,0986","10,9074","-0,75%"
23.12.2009,"10,9004","10,9654","11,0495","10,8059","-0,86%"
23.12.2009,"10,9004","10,9654","11,0495","10,8059","-0,86%"
24.12.2009,"10,7974","10,8953","10,9186","10,6700","-0,94%"
24.12.2009,"10,7974","10,8953","10,9186","10,6700","-0,94%"
25.12.2009,"10,8431","10,7903","10,8724","10,7728","0,42%"
25.12.2009,"10,8431","10,7903","10,8724","10,7728","0,42%"
28.12.2009,"10,7844","10,8114","10,9074","10,6719","-0,54%"
28.12.2009,"10,7844","10,8114","10,9074","10,6719","-0,54%"
29.12.2009,"10,6454","10,7482","10,8080","10,5244","-1,29%"
29.12.2009,"10,6454","10,7482","10,8080","10,5244","-1,29%"
30.12.2009,"10,5994","10,6344","10,6685","10,4846","-0,43%"
30.12.2009,"10,5994","10,6344","10,6685","10,4846","-0,43%"
31.12.2009,"10,6104","10,5814","10,7131","10,4818","0,10%"
31.12.2009,"10,6104","10,5814","10,7131","10,4818","0,10%"
01.01.2010,"10,5855","10,5561","10,6070","10,5116","-0,23%"
04.01.2010,"10,4952","10,5546","10,7377","10,4184","-0,85%"
05.01.2010,"10,5174","10,4883","10,5682","10,4033","0,21%"
06.01.2010,"10,5356","10,5029","10,5879","10,4181","0,17%"
07.01.2010,"10,6350","10,5452","10,6779","10,4357","0,94%"
08.01.2010,"10,6081","10,6168","10,7056","10,4448","-0,25%"
11.01.2010,"10,7081","10,5502","10,7636","10,4929","0,94%"
12.01.2010,"10,7737","10,7004","10,8805","10,5891","0,61%"
13.01.2010,"10,7427","10,7572","10,8410","10,6071","-0,29%"
14.01.2010,"10,7173","10,7229","10,8406","10,6061","-0,24%"
15.01.2010,"10,6629","10,7017","10,7546","10,5203","-0,51%"
18.01.2010,"10,6304","10,6007","10,6986","10,5408","-0,30%"
19.01.2010,"10,5638","10,6304","10,6958","10,4772","-0,63%"
20.01.2010,"10,6260","10,5525","10,6865","10,4416","0,59%"
21.01.2010,"10,7120","10,6055","10,7235","10,4778","0,81%"
22.01.2010,"10,7797","10,6925","10,8565","10,5775","0,63%"
25.01.2010,"10,7343","10,7608","10,8060","10,6267","-0,42%"
26.01.2010,"10,6637","10,7164","10,8053","10,5504","-0,66%"
27.01.2010,"10,6471","10,6694","10,7442","10,5488","-0,16%"
28.01.2010,"10,6192","10,6187","10,6723","10,5002","-0,26%"
29.01.2010,"10,5712","10,6075","10,6807","10,4096","-0,45%"
01.02.2010,"10,4311","10,5134","10,5926","10,3426","-1,33%"
02.02.2010,"10,4384","10,3680","10,4714","10,3122","0,07%"
03.02.2010,"10,4280","10,4314","10,4722","10,3069","-0,10%"
04.02.2010,"10,5404","10,4210","10,5944","10,3474","1,08%"
05.02.2010,"10,5959","10,5589","10,7168","10,4074","0,53%"
08.02.2010,"10,5899","10,6174","10,6561","10,4818","-0,06%"
09.02.2010,"10,5934","10,5636","10,6401","10,4249","0,03%"
10.02.2010,"10,6435","10,5854","10,6702","10,4820","0,47%"
11.02.2010,"10,4522","10,6380","10,6492","10,3460","-1,80%"
12.02.2010,"10,4999","10,4554","10,5848","10,3323","0,46%"
15.02.2010,"10,5189","10,4356","10,5455","10,3910","0,18%"
16.02.2010,"10,5450","10,4969","10,5788","10,4085","0,25%"
17.02.2010,"10,3476","10,5296","10,5801","10,2698","-1,87%"
18.02.2010,"10,3326","10,3587","10,4349","10,2257","-0,14%"
19.02.2010,"10,4200","10,3023","10,4620","10,2318","0,85%"
22.02.2010,"10,4951","10,4556","10,5434","10,3527","0,72%"
23.02.2010,"10,5384","10,4847","10,5569","10,3575","0,41%"
24.02.2010,"10,4834","10,5316","10,5886","10,4012","-0,52%"
25.02.2010,"10,5473","10,4570","10,6471","10,3592","0,61%"
26.02.2010,"10,5099","10,5125","10,5942","10,3405","-0,35%"
01.03.2010,"10,3463","10,4337","10,5053","10,2023","-1,56%"
02.03.2010,"10,3436","10,3504","10,4294","10,1813","-0,03%"
03.03.2010,"10,2659","10,3466","10,3649","10,1578","-0,75%"
04.03.2010,"10,1477","10,2526","10,3164","10,0457","-1,15%"
05.03.2010,"10,0837","10,1373","10,2192","9,9897","-0,63%"
08.03.2010,"10,0678","10,0923","10,1946","9,9742","-0,16%"
09.03.2010,"10,0457","10,0596","10,1319","9,9493","-0,22%"
10.03.2010,"10,1236","10,0409","10,2008","9,9611","0,78%"
11.03.2010,"10,1526","10,1173","10,1937","10,0354","0,29%"
12.03.2010,"10,1808","10,1342","10,2384","10,0535","0,28%"
15.03.2010,"10,1140","10,1704","10,2361","10,0335","-0,66%"
16.03.2010,"10,1335","10,1091","10,1822","10,0331","0,19%"
17.03.2010,"10,0425","10,1257","10,2190","9,9290","-0,90%"
18.03.2010,"9,9487","10,0244","10,0511","9,8402","-0,93%"
19.03.2010,"9,9262","9,9460","10,0534","9,8194","-0,23%"
22.03.2010,"9,9369","9,9131","10,0173","9,8395","0,11%"
23.03.2010,"9,8930","9,9116","9,9676","9,8043","-0,44%"
24.03.2010,"9,8494","9,8641","9,9001","9,7284","-0,44%"
25.03.2010,"9,9444","9,8169","9,9730","9,7524","0,96%"
26.03.2010,"9,9656","9,9139","10,0055","9,8607","0,21%"
29.03.2010,"9,9850","9,9662","10,0104","9,8723","0,19%"
30.03.2010,"9,8879","9,9829","10,0306","9,8123","-0,97%"
31.03.2010,"9,8449","9,8325","9,9489","9,7515","-0,43%"
01.04.2010,"9,8209","9,8346","9,8837","9,6753","-0,24%"
02.04.2010,"9,7855","9,8198","9,8984","9,6839","-0,36%"
05.04.2010,"9,7446","9,7738","9,8296","9,6736","-0,42%"
06.04.2010,"9,7036","9,7415","9,7869","9,6181","-0,42%"
07.04.2010,"9,7103","9,6913","9,7530","9,5662","0,07%"
08.04.2010,"9,7057","9,7079","9,8448","9,6225","-0,05%"
09.04.2010,"9,7926","9,6845","9,8101","9,5882","0,90%"
12.04.2010,"9,8723","9,8572","9,9964","9,7553","0,81%"
13.04.2010,"9,9438","9,8205","9,9502","9,8098","0,72%"
14.04.2010,"9,9936","9,8764","10,1024","9,8294","0,50%"
15.04.2010,"9,9232","9,9735","10,0325","9,8411","-0,70%"
16.04.2010,"9,9757","9,9105","10,0160","9,8409","0,53%"
19.04.2010,"10,0332","9,9573","10,0847","9,9095","0,58%"
20.04.2010,"9,9227","10,0130","10,0519","9,8388","-1,10%"
21.04.2010,"9,9050","9,9105","9,9647","9,8054","-0,18%"
22.04.2010,"9,9129","9,8923","10,0087","9,8371","0,08%"
23.04.2010,"9,9305","9,8899","10,0119","9,8010","0,18%"
26.04.2010,"9,8390","9,8799","9,9633","9,6844","-0,92%"
27.04.2010,"9,8457","9,8264","9,8908","9,7409","0,07%"
28.04.2010,"9,8345","9,7610","9,9163","9,7215","-0,11%"
29.04.2010,"9,7522","9,8106","9,8718","9,6545","-0,84%"
30.04.2010,"9,8236","9,6910","9,8566","9,6427","0,73%"
03.05.2010,"9,7900","9,7982","9,8484","9,6741","-0,34%"
04.05.2010,"9,8317","9,7679","9,8937","9,6960","0,43%"
05.05.2010,"9,7844","9,8088","9,8702","9,6865","-0,48%"
06.05.2010,"9,8476","9,7455","10,0370","9,6261","0,65%"
07.05.2010,"9,7748","9,7890","9,9722","9,6339","-0,74%"
10.05.2010,"9,5673","9,8298","9,8621","9,4938","-2,12%"
11.05.2010,"9,5163","9,5630","9,6492","9,4320","-0,53%"
12.05.2010,"9,4216","9,4998","9,5836","9,3391","-1,00%"
13.05.2010,"9,3937","9,4111","9,4660","9,2915","-0,30%"
14.05.2010,"9,3124","9,3650","9,4455","9,2729","-0,87%"
17.05.2010,"9,3681","9,3178","9,3970","9,2169","0,60%"
18.05.2010,"9,3615","9,3498","9,4705","9,2222","-0,07%"
19.05.2010,"9,6678","9,3611","9,7152","9,1992","3,27%"
20.05.2010,"9,9210","9,6426","10,0242","9,5165","2,62%"
21.05.2010,"9,8759","9,9190","10,1151","9,7661","-0,45%"
24.05.2010,"9,7096","9,8580","9,8980","9,6053","-1,68%"
25.05.2010,"9,6822","9,6831","9,8893","9,5627","-0,28%"
26.05.2010,"9,4606","9,6749","9,6892","9,2644","-2,29%"
27.05.2010,"9,3495","9,4072","9,5005","9,2583","-1,17%"
28.05.2010,"9,3565","9,3271","9,4312","9,2284","0,07%"
31.05.2010,"9,4444","9,3099","9,5281","9,2639","0,94%"
01.06.2010,"9,4463","9,4184","9,5261","9,3094","0,02%"
02.06.2010,"9,3867","9,4398","9,4848","9,2933","-0,63%"
03.06.2010,"9,3612","9,3573","9,4400","9,2568","-0,27%"
04.06.2010,"9,3320","9,3427","9,4072","9,2230","-0,31%"
07.06.2010,"9,3146","9,2924","9,3819","9,2011","-0,19%"
08.06.2010,"9,2769","9,2949","9,3677","9,1826","-0,40%"
09.06.2010,"9,3505","9,2556","9,3790","9,1529","0,79%"
10.06.2010,"9,3061","9,3177","9,3869","9,2331","-0,47%"
11.06.2010,"9,3028","9,3243","9,4644","9,2019","-0,04%"
14.06.2010,"9,3994","9,3059","9,4239","9,2157","1,04%"
15.06.2010,"9,3412","9,3658","9,5010","9,2643","-0,62%"
16.06.2010,"9,3579","9,3270","9,4025","9,2481","0,18%"
17.06.2010,"9,3713","9,2842","9,4767","9,2473","0,14%"
18.06.2010,"9,2967","9,3701","9,4144","9,2084","-0,80%"
21.06.2010,"9,2425","9,2863","9,3269","9,1540","-0,58%"
22.06.2010,"9,2931","9,2363","9,3699","9,1601","0,55%"
23.06.2010,"9,2745","9,2314","9,3369","9,1610","-0,20%"
24.06.2010,"9,3847","9,2616","9,4970","9,1909","1,19%"
25.06.2010,"9,4375","9,3439","9,5164","9,2830","0,56%"
28.06.2010,"9,3056","9,3679","9,5019","9,2153","-1,40%"
29.06.2010,"9,3539","9,2834","9,3773","9,2285","0,52%"
30.06.2010,"9,3884","9,3482","9,4237","9,2522","0,37%"
01.07.2010,"9,6877","9,3735","9,7120","9,2911","3,19%"
02.07.2010,"9,7194","9,6708","9,7826","9,5291","0,33%"
05.07.2010,"9,7220","9,6367","9,7374","9,5744","0,03%"
06.07.2010,"9,6725","9,6869","9,7582","9,5303","-0,51%"
07.07.2010,"9,6352","9,6147","9,7414","9,5271","-0,39%"
08.07.2010,"9,6128","9,5766","9,6593","9,4946","-0,23%"
09.07.2010,"9,6025","9,5513","9,6464","9,4814","-0,11%"
12.07.2010,"9,5864","9,5424","9,6022","9,4433","-0,17%"
13.07.2010,"9,5838","9,5803","9,6198","9,4322","-0,03%"
14.07.2010,"9,5939","9,5689","9,7051","9,4705","0,11%"
15.07.2010,"9,7731","9,5256","9,7982","9,5086","1,87%"
16.07.2010,"9,8248","9,7554","9,9030","9,6796","0,53%"
19.07.2010,"9,9002","9,8000","9,9623","9,7016","0,77%"
20.07.2010,"9,7435","9,8260","9,9845","9,6591","-1,58%"
21.07.2010,"9,6187","9,6794","9,8454","9,5370","-1,28%"
22.07.2010,"9,5915","9,5610","9,7240","9,5121","-0,28%"
23.07.2010,"9,6029","9,5771","9,6987","9,4582","0,12%"
26.07.2010,"9,5411","9,5602","9,6616","9,4466","-0,64%"
27.07.2010,"9,5218","9,5202","9,5821","9,4228","-0,20%"
28.07.2010,"9,5531","9,5300","9,6083","9,4419","0,33%"
29.07.2010,"9,5891","9,5315","9,6247","9,4477","0,38%"
30.07.2010,"9,5213","9,5764","9,6485","9,4315","-0,71%"
02.08.2010,"9,6249","9,5214","9,6570","9,4003","1,09%"
03.08.2010,"9,6197","9,6174","9,7059","9,5347","-0,05%"
04.08.2010,"9,5680","9,6233","9,7325","9,4644","-0,54%"
05.08.2010,"9,5570","9,5518","9,6143","9,4487","-0,11%"
06.08.2010,"9,5996","9,5464","9,6468","9,4738","0,45%"
09.08.2010,"9,5150","9,6020","9,6334","9,4234","-0,88%"
10.08.2010,"9,4947","9,5057","9,5694","9,3929","-0,21%"
11.08.2010,"9,3850","9,4860","9,5255","9,2992","-1,16%"
12.08.2010,"9,3672","9,4070","9,4603","9,2810","-0,19%"
13.08.2010,"9,3188","9,3509","9,3902","9,2174","-0,52%"
16.08.2010,"9,3441","9,3261","9,3948","9,2405","0,27%"
17.08.2010,"9,3631","9,3216","9,3994","9,2419","0,20%"
18.08.2010,"9,3502","9,3515","9,4630","9,2614","-0,14%"
19.08.2010,"9,3459","9,3397","9,3695","9,2288","-0,05%"
20.08.2010,"9,3057","9,3483","9,3989","9,2155","-0,43%"
23.08.2010,"9,3160","9,2986","9,3971","9,1763","0,11%"
24.08.2010,"9,3048","9,3008","9,3825","9,2192","-0,12%"
25.08.2010,"9,2783","9,2430","9,4214","9,1987","-0,28%"
26.08.2010,"9,2987","9,2623","9,3568","9,1857","0,22%"
27.08.2010,"9,3315","9,2704","9,4309","9,1912","0,35%"
30.08.2010,"9,3116","9,3057","9,3373","9,2038","-0,21%"
31.08.2010,"9,3620","9,3059","9,4516","9,2116","0,54%"
01.09.2010,"9,3412","9,3457","9,5108","9,2527","-0,22%"
02.09.2010,"9,2820","9,3234","9,3683","9,1926","-0,63%"
03.09.2010,"9,2679","9,2770","9,2996","9,1235","-0,15%"
06.09.2010,"9,3111","9,2335","9,3246","9,1749","0,47%"
07.09.2010,"9,2260","9,3016","9,3179","9,1535","-0,91%"
08.09.2010,"9,2007","9,2084","9,2983","9,1109","-0,27%"
09.09.2010,"9,1712","9,1400","9,2279","9,0574","-0,32%"
10.09.2010,"9,1097","9,1652","9,1934","9,0424","-0,67%"
13.09.2010,"9,1804","9,1276","9,2225","9,0517","0,78%"
14.09.2010,"9,2107","9,1778","9,2243","9,0882","0,33%"
15.09.2010,"9,2333","9,1999","9,3197","9,1004","0,25%"
16.09.2010,"9,3524","9,2188","9,3997","9,1516","1,29%"
17.09.2010,"9,3241","9,3229","9,4001","9,2182","-0,30%"
20.09.2010,"9,3238","9,2510","9,3578","9,2270","-0,00%"
21.09.2010,"9,3510","9,3151","9,4055","9,2281","0,29%"
22.09.2010,"9,4347","9,3283","9,4563","9,2599","0,90%"
23.09.2010,"9,4139","9,4283","9,4785","9,3050","-0,22%"
24.09.2010,"9,4694","9,3363","9,5472","9,3022","0,59%"
27.09.2010,"9,4375","9,4380","9,5172","9,3419","-0,34%"
28.09.2010,"9,4388","9,4231","9,5556","9,3385","0,01%"
29.09.2010,"9,5022","9,4282","9,5819","9,3605","0,67%"
30.09.2010,"9,5022","9,4850","9,5731","9,3856","0,00%"
01.10.2010,"9,5591","9,4313","9,5957","9,4107","0,60%"
04.10.2010,"9,5706","9,5420","9,6451","9,4427","0,12%"
05.10.2010,"9,5468","9,5602","9,7264","9,4540","-0,25%"
06.10.2010,"9,5574","9,5302","9,6410","9,4218","0,11%"
07.10.2010,"9,5888","9,5500","9,6994","9,4476","0,33%"
08.10.2010,"9,5370","9,5721","9,6525","9,4373","-0,54%"
11.10.2010,"9,5281","9,5567","9,6286","9,4272","-0,09%"
12.10.2010,"9,5460","9,5055","9,6066","9,4368","0,19%"
13.10.2010,"9,5172","9,4615","9,5982","9,4149","-0,30%"
14.10.2010,"9,5470","9,4487","9,6487","9,4453","0,31%"
15.10.2010,"9,5620","9,5378","9,6631","9,4090","0,16%"
18.10.2010,"9,5618","9,4779","9,6877","9,4306","-0,00%"
19.10.2010,"9,5706","9,5788","9,6983","9,4768","0,09%"
20.10.2010,"9,7004","9,5531","9,7144","9,4660","1,36%"
21.10.2010,"9,7401","9,6820","9,7409","9,5593","0,41%"
22.10.2010,"9,6739","9,7169","9,7583","9,5764","-0,68%"
25.10.2010,"9,6741","9,6157","9,7213","9,5688","0,00%"
26.10.2010,"9,6286","9,6385","9,6928","9,5275","-0,47%"
27.10.2010,"9,7405","9,6292","9,7728","9,5337","1,16%"
28.10.2010,"9,7493","9,6554","9,8029","9,6347","0,09%"
29.10.2010,"9,7635","9,7329","9,7924","9,5801","0,15%"
01.11.2010,"9,6967","9,6820","9,8273","9,6126","-0,68%"
02.11.2010,"9,6754","9,6292","9,8544","9,5839","-0,22%"
03.11.2010,"9,7075","9,6648","9,7720","9,5709","0,33%"
04.11.2010,"9,6615","9,6697","9,8005","9,5637","-0,47%"
05.11.2010,"9,5087","9,6399","9,6953","9,4255","-1,58%"
08.11.2010,"9,5150","9,5153","9,6498","9,4156","0,07%"
09.11.2010,"9,4819","9,4921","9,5435","9,3665","-0,35%"
10.11.2010,"9,4799","9,4683","9,5158","9,3597","-0,02%"
11.11.2010,"9,4646","9,4930","9,5350","9,3584","-0,16%"
12.11.2010,"9,5362","9,4008","9,5852","9,3561","0,76%"
15.11.2010,"9,4763","9,5150","9,5783","9,3683","-0,63%"
16.11.2010,"9,5095","9,4300","9,6025","9,3933","0,35%"
17.11.2010,"9,4886","9,4301","9,5662","9,4057","-0,22%"
18.11.2010,"9,5126","9,4870","9,5692","9,4202","0,25%"
19.11.2010,"9,5699","9,5092","9,6243","9,4241","0,60%"
22.11.2010,"9,5391","9,5799","9,6459","9,4402","-0,32%"
23.11.2010,"9,5148","9,4645","9,6059","9,4153","-0,25%"
24.11.2010,"9,4249","9,4483","9,5356","9,3480","-0,94%"
25.11.2010,"9,4011","9,4243","9,4612","9,3058","-0,25%"
26.11.2010,"9,4671","9,3866","9,5147","9,2839","0,70%"
29.11.2010,"9,3353","9,3925","9,4692","9,2503","-1,39%"
30.11.2010,"9,2353","9,3111","9,3985","9,1394","-1,07%"
01.12.2010,"9,2264","9,1980","9,2842","9,1135","-0,10%"
02.12.2010,"9,1200","9,2266","9,2422","9,0088","-1,15%"
03.12.2010,"9,2006","9,0861","9,2432","9,0260","0,88%"
06.12.2010,"9,1492","9,1602","9,2126","9,0723","-0,56%"
07.12.2010,"9,1748","9,1428","9,2491","9,0805","0,28%"
08.12.2010,"9,1785","9,1611","9,2431","9,0619","0,04%"
09.12.2010,"9,1074","9,1679","9,2904","8,9917","-0,77%"
10.12.2010,"9,0834","9,0283","9,1823","8,9726","-0,26%"
13.12.2010,"9,1586","9,0157","9,1842","8,9553","0,83%"
14.12.2010,"9,1472","9,0955","9,2213","9,0542","-0,12%"
15.12.2010,"9,0655","9,0818","9,1520","8,9757","-0,89%"
16.12.2010,"9,0531","9,0450","9,1131","8,9563","-0,14%"
17.12.2010,"9,0539","8,9819","9,1482","8,9150","0,01%"
20.12.2010,"8,9779","9,0158","9,0755","8,8874","-0,84%"
21.12.2010,"8,9364","8,9552","9,0229","8,8519","-0,46%"
22.12.2010,"8,9167","8,9105","9,0004","8,8082","-0,22%"
23.12.2010,"8,8677","8,8405","8,9244","8,7475","-0,55%"
24.12.2010,"8,8396","8,8395","8,9224","8,7542","-0,32%"
27.12.2010,"8,8712","8,7700","8,8980","8,7547","0,36%"
28.12.2010,"8,7765","8,8557","8,9260","8,6604","-1,07%"
29.12.2010,"8,7843","8,7589","8,8396","8,6360","0,09%"
30.12.2010,"8,7861","8,7133","8,8799","8,6464","0,02%"
31.12.2010,"8,8559","8,7561","8,9542","8,7157","0,79%"
03.01.2011,"8,8503","8,7934","8,8712","8,6960","-0,06%"
04.01.2011,"8,8777","8,8457","8,9910","8,7658","0,31%"
05.01.2011,"8,8024","8,8465","8,9665","8,7296","-0,85%"
06.01.2011,"8,8453","8,7917","8,9429","8,7421","0,49%"
07.01.2011,"8,7873","8,7633","8,9275","8,7164","-0,66%"
10.01.2011,"8,8253","8,7262","8,8895","8,7023","0,43%"
11.01.2011,"8,9179","8,8169","8,9463","8,7407","1,05%"
12.01.2011,"8,9737","8,8974","8,9936","8,8026","0,63%"
13.01.2011,"9,1367","8,9576","9,2028","8,8724","1,82%"
14.01.2011,"9,2716","9,0769","9,3318","9,0312","1,48%"
17.01.2011,"9,1547","9,2578","9,3481","9,0706","-1,26%"
18.01.2011,"9,2545","9,0970","9,3011","9,0504","1,09%"
19.01.2011,"9,4218","9,2252","9,4408","9,1502","1,81%"
20.01.2011,"9,5487","9,4251","9,5981","9,2722","1,35%"
21.01.2011,"9,6147","9,5310","9,6844","9,4510","0,69%"
24.01.2011,"9,5519","9,5938","9,6505","9,4714","-0,65%"
25.01.2011,"9,6642","9,5379","9,7111","9,4597","1,18%"
26.01.2011,"9,6855","9,5901","9,7493","9,5583","0,22%"
27.01.2011,"9,6934","9,6836","9,7949","9,5461","0,08%"
28.01.2011,"9,7721","9,6773","9,8393","9,5970","0,81%"
31.01.2011,"9,8411","9,7171","9,9194","9,6625","0,71%"
01.02.2011,"9,8428","9,8279","9,9010","9,6884","0,02%"
02.02.2011,"9,8943","9,8382","9,9096","9,7480","0,52%"
03.02.2011,"9,9086","9,8238","9,9886","9,7947","0,14%"
04.02.2011,"9,8272","9,8374","9,9996","9,7090","-0,82%"
07.02.2011,"9,8446","9,7856","9,9144","9,6554","0,18%"
08.02.2011,"9,7963","9,7715","9,9781","9,6818","-0,49%"
09.02.2011,"9,9128","9,7630","9,9306","9,7212","1,19%"
10.02.2011,"9,8910","9,9013","9,9682","9,7933","-0,22%"
11.02.2011,"9,8551","9,8839","9,9698","9,7349","-0,36%"
14.02.2011,"9,8648","9,8068","9,8841","9,6754","0,10%"
15.02.2011,"9,8956","9,8253","9,9401","9,7253","0,31%"
16.02.2011,"9,8361","9,8941","9,9546","9,6871","-0,60%"
17.02.2011,"9,7586","9,8358","9,8580","9,6775","-0,79%"
18.02.2011,"9,7783","9,7415","9,8273","9,6375","0,20%"
21.02.2011,"9,7784","9,7483","9,8694","9,6604","0,00%"
22.02.2011,"9,7681","9,7736","9,8590","9,6609","-0,11%"
23.02.2011,"9,7775","9,7599","9,8851","9,6131","0,10%"
24.02.2011,"9,7340","9,7661","9,8360","9,6442","-0,44%"
25.02.2011,"9,6580","9,7186","9,7858","9,5102","-0,78%"
28.02.2011,"9,6113","9,6051","9,6966","9,5027","-0,48%"
01.03.2011,"9,6432","9,6040","9,6474","9,5016","0,33%"
02.03.2011,"9,5381","9,6356","9,6491","9,4454","-1,09%"
03.03.2011,"9,6595","9,5141","9,6785","9,4359","1,27%"
04.03.2011,"9,6290","9,6567","9,7110","9,5292","-0,32%"
07.03.2011,"9,6080","9,6293","9,6686","9,5106","-0,22%"
08.03.2011,"9,5702","9,5985","9,6612","9,4897","-0,39%"
09.03.2011,"9,5448","9,4978","9,6276","9,4520","-0,27%"
10.03.2011,"9,5392","9,5327","9,6029","9,4211","-0,06%"
11.03.2011,"9,5836","9,5268","9,6324","9,4543","0,47%"
14.03.2011,"9,5450","9,5810","9,6694","9,4664","-0,40%"
15.03.2011,"9,7499","9,5322","9,7871","9,4612","2,15%"
16.03.2011,"9,8677","9,7440","9,8833","9,6237","1,21%"
17.03.2011,"9,9844","9,9303","10,0845","9,7845","1,18%"
18.03.2011,"9,9211","9,9230","10,0210","9,7865","-0,63%"
21.03.2011,"9,8878","9,9154","9,9400","9,7626","-0,34%"
22.03.2011,"9,7951","9,8637","9,8904","9,7006","-0,94%"
23.03.2011,"9,7914","9,7798","9,8352","9,6856","-0,04%"
24.03.2011,"9,7251","9,7569","9,8688","9,6387","-0,68%"
25.03.2011,"9,7050","9,7308","9,8080","9,5658","-0,21%"
28.03.2011,"9,6831","9,6148","9,7205","9,5350","-0,23%"
29.03.2011,"9,6717","9,6090","9,7256","9,5642","-0,12%"
30.03.2011,"9,6427","9,6715","9,6830","9,4791","-0,30%"
31.03.2011,"9,5941","9,6400","9,6776","9,5134","-0,50%"
01.04.2011,"9,5316","9,5940","9,6357","9,4158","-0,65%"
04.04.2011,"9,5558","9,5136","9,5826","9,4516","0,25%"
05.04.2011,"9,5571","9,5297","9,5842","9,4561","0,01%"
06.04.2011,"9,5800","9,5381","9,6386","9,4709","0,24%"
07.04.2011,"9,5345","9,5544","9,6012","9,4321","-0,47%"
08.04.2011,"9,6109","9,5059","9,6288","9,4885","0,80%"
11.04.2011,"9,6454","9,5836","9,7127","9,5554","0,36%"
12.04.2011,"9,7597","9,5761","9,7743","9,5329","1,19%"
13.04.2011,"9,8343","9,7568","9,8725","9,6838","0,76%"
14.04.2011,"9,9085","9,8218","9,9410","9,7586","0,75%"
15.04.2011,"9,8094","9,8853","9,9873","9,7693","-1,00%"
18.04.2011,"9,7360","9,7773","9,8599","9,7008","-0,75%"
19.04.2011,"9,7721","9,7132","9,8218","9,6685","0,37%"
20.04.2011,"9,8370","9,7185","9,8958","9,6968","0,66%"
21.04.2011,"9,7705","9,7938","9,9203","9,7222","-0,68%"
22.04.2011,"9,7820","9,7493","9,8258","9,7167","0,12%"
25.04.2011,"9,8171","9,7568","9,8360","9,7149","0,36%"
26.04.2011,"9,7720","9,8059","9,8648","9,7240","-0,46%"
27.04.2011,"9,7454","9,7679","9,8239","9,6920","-0,27%"
28.04.2011,"9,7912","9,7314","9,9054","9,6988","0,47%"
29.04.2011,"9,7277","9,7138","9,8590","9,6990","-0,65%"
02.05.2011,"9,7841","9,7322","9,8194","9,6681","0,58%"
03.05.2011,"9,8426","9,7771","9,8938","9,7180","0,60%"
04.05.2011,"9,9077","9,7990","9,9355","9,7559","0,66%"
05.05.2011,"9,7762","9,8729","9,9792","9,7145","-1,33%"
06.05.2011,"9,5952","9,7563","9,8434","9,5474","-1,85%"
09.05.2011,"9,6544","9,5655","9,6901","9,5370","0,62%"
10.05.2011,"9,7073","9,6336","9,7689","9,5709","0,55%"
11.05.2011,"9,7707","9,7007","9,8103","9,6490","0,65%"
12.05.2011,"9,8248","9,7532","9,8799","9,7314","0,55%"
13.05.2011,"9,9151","9,8131","10,0219","9,7458","0,92%"
16.05.2011,"9,9074","9,8546","9,9523","9,8357","-0,08%"
17.05.2011,"9,9095","9,8984","9,9490","9,8230","0,02%"
18.05.2011,"9,8601","9,8980","9,9685","9,7966","-0,50%"
19.05.2011,"9,8389","9,8126","9,9078","9,7575","-0,22%"
20.05.2011,"9,7890","9,7982","9,9043","9,7384","-0,51%"
23.05.2011,"9,8694","9,7504","9,8729","9,6929","0,82%"
24.05.2011,"9,8506","9,8607","9,9268","9,7701","-0,19%"
25.05.2011,"9,9053","9,8157","9,9727","9,7929","0,56%"
26.05.2011,"9,8454","9,9011","9,9936","9,7935","-0,60%"
27.05.2011,"9,9258","9,7684","9,9737","9,7638","0,82%"
30.05.2011,"9,9078","9,8582","9,9367","9,8102","-0,18%"
31.05.2011,"9,7993","9,8903","9,9464","9,7535","-1,10%"
01.06.2011,"9,7872","9,7913","9,8402","9,6905","-0,12%"
02.06.2011,"9,7340","9,7815","9,8561","9,6670","-0,54%"
03.06.2011,"9,8269","9,7096","9,8659","9,6269","0,95%"
06.06.2011,"9,8876","9,7932","9,9763","9,7210","0,62%"
07.06.2011,"9,8586","9,8229","9,9409","9,7989","-0,29%"
08.06.2011,"9,8012","9,8416","9,9572","9,7319","-0,58%"
09.06.2011,"9,7820","9,7475","9,8853","9,7032","-0,20%"
10.06.2011,"9,7641","9,7651","9,8482","9,6892","-0,18%"
13.06.2011,"9,7807","9,6714","9,7990","9,6562","0,17%"
14.06.2011,"9,7575","9,7763","9,8070","9,6581","-0,24%"
15.06.2011,"9,6938","9,7687","9,7926","9,6467","-0,65%"
16.06.2011,"9,7459","9,6826","9,7742","9,6082","0,54%"
17.06.2011,"9,6785","9,7168","9,7751","9,6109","-0,69%"
20.06.2011,"9,7119","9,6403","9,7237","9,5844","0,35%"
21.06.2011,"9,6742","9,7012","9,7493","9,6296","-0,39%"
22.06.2011,"9,7317","9,6623","9,7714","9,5833","0,59%"
23.06.2011,"9,7370","9,7173","9,7878","9,6057","0,05%"
24.06.2011,"9,7932","9,7220","9,8585","9,6732","0,58%"
27.06.2011,"9,8099","9,7103","9,8330","9,6714","0,17%"
28.06.2011,"9,8493","9,8070","9,8513","9,7186","0,40%"
29.06.2011,"9,8450","9,8404","9,9652","9,7605","-0,04%"
30.06.2011,"9,8227","9,7770","9,9082","9,7467","-0,23%"
01.07.2011,"9,7753","9,7927","9,8712","9,7165","-0,48%"
04.07.2011,"9,7727","9,7665","9,8236","9,6710","-0,03%"
05.07.2011,"9,7213","9,7606","9,8063","9,6456","-0,53%"
06.07.2011,"9,6527","9,7159","9,7577","9,5805","-0,71%"
07.07.2011,"9,5816","9,6433","9,6753","9,4935","-0,74%"
08.07.2011,"9,5745","9,5692","9,6435","9,4335","-0,07%"
11.07.2011,"9,5993","9,5208","9,6347","9,4658","0,26%"
12.07.2011,"9,6047","9,5929","9,7477","9,5060","0,06%"
13.07.2011,"9,6471","9,5316","9,7410","9,5166","0,44%"
14.07.2011,"9,6718","9,6656","9,7944","9,6287","0,26%"
15.07.2011,"9,7450","9,6467","9,8137","9,6373","0,76%"
18.07.2011,"9,8608","9,7084","9,8713","9,6407","1,19%"
19.07.2011,"9,8095","9,8362","9,9011","9,7046","-0,52%"
20.07.2011,"9,7637","9,8026","9,8323","9,6777","-0,47%"
21.07.2011,"9,7692","9,7577","9,8128","9,6616","0,06%"
22.07.2011,"9,7246","9,7443","9,7683","9,6492","-0,46%"
25.07.2011,"9,7269","9,7425","9,8408","9,6340","0,02%"
26.07.2011,"9,6992","9,7149","9,7962","9,5910","-0,28%"
27.07.2011,"9,5900","9,6242","9,7144","9,4926","-1,13%"
28.07.2011,"9,6609","9,5711","9,6678","9,4346","0,74%"
29.07.2011,"9,6346","9,5848","9,7098","9,5002","-0,27%"
01.08.2011,"9,5960","9,5963","9,6436","9,5005","-0,40%"
02.08.2011,"9,6290","9,5858","9,6784","9,4561","0,34%"
03.08.2011,"9,6319","9,6132","9,7569","9,5390","0,03%"
04.08.2011,"9,7542","9,6233","9,8589","9,5838","1,27%"
05.08.2011,"9,8910","9,7773","9,8970","9,6587","1,40%"
08.08.2011,"10,2005","9,9251","10,2226","9,8037","3,13%"
09.08.2011,"10,2242","10,1865","10,6591","10,0700","0,23%"
10.08.2011,"10,2965","10,2205","10,3551","10,1122","0,71%"
11.08.2011,"10,2450","10,2880","10,4045","10,0787","-0,50%"
12.08.2011,"10,2332","10,2094","10,3423","10,1205","-0,12%"
15.08.2011,"10,2096","10,1845","10,3755","10,0622","-0,23%"
16.08.2011,"10,3013","10,1921","10,3518","10,1147","0,90%"
17.08.2011,"10,2406","10,2830","10,3229","10,1399","-0,59%"
18.08.2011,"10,2983","10,2240","10,4444","10,1511","0,56%"
19.08.2011,"10,3374","10,2557","10,4728","10,2102","0,38%"
22.08.2011,"10,3592","10,2842","10,4326","10,2559","0,21%"
23.08.2011,"10,3726","10,3378","10,4669","10,2452","0,13%"
24.08.2011,"10,4725","10,3398","10,4977","10,2746","0,96%"
25.08.2011,"10,4079","10,4664","10,5000","10,2597","-0,62%"
26.08.2011,"10,3624","10,3780","10,4525","10,2168","-0,44%"
29.08.2011,"10,2448","10,3349","10,3837","10,1472","-1,13%"
30.08.2011,"10,2218","10,1743","10,3199","10,0953","-0,22%"
31.08.2011,"10,0624","10,2055","10,2385","9,9673","-1,56%"
01.09.2011,"9,9867","10,0481","10,0971","9,9102","-0,75%"
02.09.2011,"10,0290","9,9651","10,0936","9,8798","0,42%"
05.09.2011,"10,0395","9,9584","10,0806","9,9234","0,10%"
06.09.2011,"10,0517","10,0251","10,1662","9,9404","0,12%"
07.09.2011,"10,0502","10,0127","10,1367","9,9088","-0,01%"
08.09.2011,"9,9666","10,0335","10,0893","9,8824","-0,83%"
09.09.2011,"9,9469","9,9555","10,0854","9,8553","-0,20%"
12.09.2011,"10,1335","9,8986","10,1678","9,8248","1,88%"
13.09.2011,"9,9855","10,1204","10,1480","9,9021","-1,46%"
14.09.2011,"10,1750","9,9758","10,2361","9,9043","1,90%"
15.09.2011,"10,2565","10,1492","10,3170","10,0834","0,80%"
16.09.2011,"10,3386","10,2230","10,3403","10,1307","0,80%"
19.09.2011,"10,4755","10,2320","10,5898","10,1440","1,32%"
20.09.2011,"10,6058","10,4516","10,6089","10,3383","1,24%"
21.09.2011,"11,2333","10,5559","11,3537","10,4856","5,92%"
22.09.2011,"11,3320","11,2128","11,4369","10,9320","0,88%"
23.09.2011,"10,9608","11,3387","11,3940","10,8284","-3,28%"
26.09.2011,"10,8746","10,8934","11,1884","10,6975","-0,79%"
27.09.2011,"10,6907","10,8345","10,9050","10,5290","-1,69%"
28.09.2011,"10,7215","10,6698","10,7865","10,4646","0,29%"
29.09.2011,"10,8426","10,6536","10,8775","10,4481","1,13%"
30.09.2011,"10,8377","10,8205","11,0739","10,6970","-0,05%"
03.10.2011,"10,9147","10,7221","10,9489","10,7197","0,71%"
04.10.2011,"10,8025","10,8554","11,0504","10,6725","-1,03%"
05.10.2011,"10,6376","10,8171","10,9171","10,5504","-1,53%"
06.10.2011,"10,6612","10,6282","10,7840","10,4562","0,22%"
07.10.2011,"10,6954","10,6507","10,7826","10,5127","0,32%"
10.10.2011,"10,7047","10,6498","10,7393","10,5514","0,09%"
11.10.2011,"10,8072","10,6751","10,9062","10,6152","0,96%"
12.10.2011,"10,8039","10,7641","10,9428","10,6238","-0,03%"
13.10.2011,"10,8516","10,7251","10,9408","10,6836","0,44%"
14.10.2011,"10,8685","10,7724","10,9349","10,7234","0,16%"
17.10.2011,"10,9881","10,8512","10,9986","10,7217","1,10%"
18.10.2011,"10,9564","10,9708","11,0968","10,8582","-0,29%"
19.10.2011,"11,0604","10,9378","11,1117","10,8741","0,95%"
20.10.2011,"11,2199","11,0430","11,3659","10,9753","1,44%"
21.10.2011,"11,1724","11,1714","11,3757","11,0324","-0,42%"
24.10.2011,"10,9594","11,1370","11,2451","10,8631","-1,91%"
25.10.2011,"11,0151","10,9474","11,1413","10,8575","0,51%"
26.10.2011,"11,0503","11,0081","11,1398","10,9183","0,32%"
27.10.2011,"10,9307","11,0372","11,1235","10,8288","-1,08%"
28.10.2011,"10,9311","10,9477","11,0140","10,8266","0,00%"
31.10.2011,"11,0206","10,8940","11,0529","10,8180","0,82%"
01.11.2011,"11,0901","10,9988","11,2412","10,9252","0,63%"
02.11.2011,"10,9891","11,0795","11,1058","10,8805","-0,91%"
03.11.2011,"10,8465","10,9754","11,0983","10,7195","-1,30%"
04.11.2011,"10,9064","10,7933","10,9318","10,7144","0,55%"
07.11.2011,"10,9335","10,8633","11,0167","10,7681","0,25%"
08.11.2011,"10,8289","10,9132","10,9786","10,7367","-0,96%"
09.11.2011,"10,9205","10,8062","11,0211","10,7358","0,85%"
10.11.2011,"10,8558","10,8867","10,9485","10,6848","-0,59%"
11.11.2011,"10,8546","10,8403","10,9186","10,7032","-0,01%"
14.11.2011,"10,9140","10,8653","10,9685","10,7489","0,55%"
15.11.2011,"11,0671","10,8931","11,1270","10,8288","1,40%"
16.11.2011,"11,0206","11,0588","11,1446","10,9146","-0,42%"
17.11.2011,"11,0610","11,0090","11,1862","10,8970","0,37%"
18.11.2011,"11,0875","11,0498","11,1611","10,9599","0,24%"
21.11.2011,"11,2544","11,0276","11,2821","10,9859","1,51%"
22.11.2011,"11,3475","11,2293","11,4508","11,1301","0,83%"
23.11.2011,"11,4431","11,3251","11,4895","11,2329","0,84%"
24.11.2011,"11,3198","11,3789","11,5092","11,1699","-1,08%"
25.11.2011,"11,2803","11,2981","11,4352","11,1788","-0,35%"
28.11.2011,"11,1626","11,2762","11,3047","11,0447","-1,04%"
29.11.2011,"11,0936","11,1694","11,2127","11,0223","-0,62%"
30.11.2011,"10,9105","11,0781","11,2343","10,8186","-1,65%"
01.12.2011,"10,8791","10,8734","11,0133","10,7749","-0,29%"
02.12.2011,"10,8025","10,8706","10,9324","10,6610","-0,70%"
05.12.2011,"10,7868","10,7278","10,7931","10,6420","-0,15%"
06.12.2011,"10,7600","10,7235","10,8787","10,6669","-0,25%"
07.12.2011,"10,7462","10,7496","10,8774","10,6348","-0,13%"
08.12.2011,"11,0318","10,7442","11,0450","10,6641","2,66%"
09.12.2011,"10,8331","11,0126","11,0963","10,7461","-1,80%"
12.12.2011,"10,9168","10,8085","10,9724","10,7039","0,77%"
13.12.2011,"10,8867","10,8947","10,9613","10,7466","-0,28%"
14.12.2011,"10,9395","10,8818","10,9739","10,7523","0,48%"
15.12.2011,"10,9552","10,9382","10,9874","10,8030","0,14%"
16.12.2011,"10,9273","10,8952","10,9917","10,7899","-0,25%"
19.12.2011,"10,9157","10,9092","10,9514","10,8077","-0,11%"
20.12.2011,"10,7491","10,9122","10,9233","10,6349","-1,53%"
21.12.2011,"10,7617","10,7161","10,8781","10,5500","0,12%"
22.12.2011,"10,6827","10,6904","10,7835","10,5322","-0,73%"
23.12.2011,"10,6399","10,6770","10,7381","10,5331","-0,40%"
26.12.2011,"10,6544","10,5582","10,6955","10,5501","0,14%"
27.12.2011,"10,6374","10,6377","10,7141","10,5560","-0,16%"
28.12.2011,"10,6185","10,6203","10,6781","10,4816","-0,18%"
29.12.2011,"10,5908","10,6033","10,6515","10,4138","-0,26%"
30.12.2011,"10,4696","10,5719","10,6119","10,3640","-1,14%"
02.01.2012,"10,4447","10,4086","10,5000","10,3650","-0,24%"
03.01.2012,"10,5200","10,4359","10,5453","10,3706","0,72%"
04.01.2012,"10,5121","10,5157","10,6142","10,4102","-0,08%"
05.01.2012,"10,4756","10,4938","10,6191","10,3608","-0,35%"
06.01.2012,"10,4107","10,4532","10,5305","10,2982","-0,62%"
09.01.2012,"10,4091","10,3495","10,4702","10,2840","-0,02%"
10.01.2012,"10,3655","10,4035","10,4550","10,2647","-0,42%"
11.01.2012,"10,2885","10,3487","10,3761","10,2028","-0,74%"
12.01.2012,"10,3265","10,2815","10,3718","10,1639","0,37%"
13.01.2012,"10,3136","10,3153","10,4284","10,2019","-0,12%"
16.01.2012,"10,2698","10,3055","10,3576","10,1743","-0,42%"
17.01.2012,"10,2406","10,2562","10,2929","10,1372","-0,28%"
18.01.2012,"10,2318","10,1754","10,3381","10,1363","-0,09%"
19.01.2012,"10,2795","10,2342","10,2991","10,1386","0,47%"
20.01.2012,"10,2611","10,2710","10,3488","10,1723","-0,18%"
23.01.2012,"10,3325","10,1915","10,3554","10,1729","0,70%"
24.01.2012,"10,3399","10,3148","10,4855","10,2461","0,07%"
25.01.2012,"10,3439","10,2779","10,4495","10,2354","0,04%"
26.01.2012,"10,2581","10,3267","10,4356","10,1506","-0,83%"
27.01.2012,"10,2649","10,2342","10,2927","10,1216","0,07%"
30.01.2012,"10,2974","10,2329","10,3902","10,1717","0,32%"
31.01.2012,"10,2323","10,2971","10,3938","10,1224","-0,63%"
01.02.2012,"10,1213","10,2307","10,2411","10,0338","-1,08%"
02.02.2012,"10,0531","10,1140","10,1607","9,9699","-0,67%"
03.02.2012,"9,9093","9,9838","10,0847","9,8325","-1,43%"
06.02.2012,"9,9201","9,8943","9,9938","9,8185","0,11%"
07.02.2012,"10,0421","9,8555","10,0593","9,8344","1,23%"
08.02.2012,"10,0129","10,0281","10,1404","9,9280","-0,29%"
09.02.2012,"10,0835","10,0096","10,1616","9,9428","0,71%"
10.02.2012,"10,2375","10,0728","10,2712","9,9872","1,53%"
13.02.2012,"10,1367","10,1608","10,2103","10,0587","-0,98%"
14.02.2012,"10,1303","10,1249","10,2210","10,0458","-0,06%"
15.02.2012,"10,1430","10,1384","10,2247","9,9986","0,13%"
16.02.2012,"10,2032","10,1284","10,2568","10,0547","0,59%"
17.02.2012,"10,1656","10,1854","10,2468","10,0968","-0,37%"
20.02.2012,"10,1702","10,1121","10,1882","10,0691","0,05%"
21.02.2012,"10,2334","10,1648","10,2668","10,0652","0,62%"
22.02.2012,"10,2495","10,2104","10,2635","10,1319","0,16%"
23.02.2012,"10,2433","10,2421","10,2721","10,1285","-0,06%"
24.02.2012,"10,2133","10,2409","10,2839","10,0925","-0,29%"
27.02.2012,"10,1204","10,2037","10,2741","10,0148","-0,91%"
28.02.2012,"10,0706","10,0896","10,2182","9,9918","-0,49%"
29.02.2012,"9,9971","10,0069","10,1094","9,8743","-0,73%"
01.03.2012,"9,9306","9,9924","10,0747","9,8383","-0,67%"
02.03.2012,"9,9268","9,8972","9,9807","9,8273","-0,04%"
05.03.2012,"9,9845","9,9063","10,0225","9,8405","0,58%"
06.03.2012,"10,0383","9,9778","10,1286","9,9115","0,54%"
07.03.2012,"9,9918","10,0375","10,0936","9,9098","-0,46%"
08.03.2012,"9,9457","9,9795","10,0133","9,8908","-0,46%"
09.03.2012,"9,9340","9,9249","9,9978","9,7876","-0,12%"
12.03.2012,"9,9420","9,9127","9,9719","9,8175","0,08%"
13.03.2012,"9,8510","9,9150","9,9649","9,7779","-0,92%"
14.03.2012,"10,0246","9,8439","10,0688","9,7807","1,76%"
15.03.2012,"9,9823","10,0128","10,0406","9,8855","-0,42%"
16.03.2012,"9,9599","9,9285","10,0110","9,8863","-0,22%"
19.03.2012,"9,9881","9,9633","10,0044","9,8734","0,28%"
20.03.2012,"10,0600","9,9725","10,1261","9,9342","0,72%"
21.03.2012,"10,1096","10,0581","10,1935","9,9833","0,49%"
22.03.2012,"10,1667","10,0909","10,2038","10,0342","0,56%"
23.03.2012,"10,1950","10,1667","10,2621","10,0953","0,28%"
26.03.2012,"10,1302","10,1888","10,2324","10,0350","-0,64%"
27.03.2012,"10,1365","10,1309","10,2070","10,0146","0,06%"
28.03.2012,"10,2172","10,1135","10,2492","10,0528","0,80%"
29.03.2012,"10,2628","10,2193","10,3222","10,1455","0,45%"
30.03.2012,"10,2382","10,2554","10,3286","10,1203","-0,24%"
02.04.2012,"10,1920","10,1933","10,2182","10,1027","-0,45%"
03.04.2012,"10,2464","10,1858","10,3046","10,1155","0,53%"
04.04.2012,"10,2827","10,2404","10,3281","10,1305","0,35%"
05.04.2012,"10,2297","10,2668","10,3031","10,1193","-0,52%"
06.04.2012,"10,3213","10,2217","10,3588","10,1585","0,90%"
09.04.2012,"10,3145","10,2903","10,3576","10,2285","-0,07%"
10.04.2012,"10,4522","10,3062","10,5155","10,2432","1,34%"
11.04.2012,"10,4966","10,4452","10,5587","10,3843","0,42%"
12.04.2012,"10,3783","10,4695","10,4982","10,3014","-1,13%"
13.04.2012,"10,3943","10,3560","10,4534","10,2962","0,15%"
16.04.2012,"10,4192","10,3297","10,5069","10,2917","0,24%"
17.04.2012,"10,2661","10,4147","10,4546","10,1616","-1,47%"
18.04.2012,"10,2909","10,2543","10,3024","10,1499","0,24%"
19.04.2012,"10,3220","10,2824","10,3424","10,1817","0,30%"
20.04.2012,"10,3305","10,3177","10,3411","10,2047","0,08%"
23.04.2012,"10,3079","10,3041","10,3566","10,2344","-0,22%"
24.04.2012,"10,2835","10,3092","10,3611","10,1975","-0,24%"
25.04.2012,"10,2466","10,2568","10,2937","10,1639","-0,36%"
26.04.2012,"10,2895","10,2320","10,3840","10,1497","0,42%"
27.04.2012,"10,2649","10,2932","10,3331","10,1819","-0,24%"
30.04.2012,"10,2855","10,2073","10,3198","10,1429","0,20%"
01.05.2012,"10,2356","10,2213","10,3333","10,1568","-0,49%"
02.05.2012,"10,1555","10,2269","10,2416","10,0775","-0,78%"
03.05.2012,"10,1772","10,1435","10,1910","10,0451","0,21%"
04.05.2012,"10,2444","10,1582","10,3065","10,0972","0,66%"
07.05.2012,"10,1896","10,2082","10,2459","10,1190","-0,53%"
08.05.2012,"10,2619","10,1873","10,3163","10,1055","0,71%"
09.05.2012,"10,3379","10,2445","10,4181","10,1857","0,74%"
10.05.2012,"10,3922","10,3367","10,4182","10,2521","0,53%"
11.05.2012,"10,4580","10,3759","10,5273","10,3197","0,63%"
14.05.2012,"10,5305","10,3692","10,5544","10,3692","0,69%"
15.05.2012,"10,5808","10,5136","10,5939","10,4352","0,48%"
16.05.2012,"10,5803","10,5718","10,6528","10,4841","-0,00%"
17.05.2012,"10,5874","10,5725","10,6244","10,4677","0,07%"
18.05.2012,"10,6585","10,5806","10,7408","10,4861","0,67%"
21.05.2012,"10,5387","10,6251","10,6677","10,4650","-1,12%"
22.05.2012,"10,5513","10,4810","10,5784","10,4542","0,12%"
23.05.2012,"10,5535","10,5565","10,6626","10,4623","0,02%"
24.05.2012,"10,4916","10,5411","10,5876","10,3958","-0,59%"
25.05.2012,"10,5206","10,4798","10,5673","10,4032","0,28%"
28.05.2012,"10,4631","10,4926","10,5162","10,3842","-0,55%"
29.05.2012,"10,3895","10,4575","10,4811","10,3199","-0,70%"
30.05.2012,"10,5605","10,3717","10,5968","10,3077","1,65%"
31.05.2012,"10,5385","10,5548","10,6323","10,4247","-0,21%"
01.06.2012,"10,6688","10,4990","10,7180","10,4363","1,24%"
04.06.2012,"10,6136","10,6472","10,7196","10,5238","-0,52%"
05.06.2012,"10,5053","10,6092","10,6541","10,4123","-1,02%"
06.06.2012,"10,4512","10,4962","10,5403","10,3679","-0,51%"
07.06.2012,"10,5326","10,4452","10,5760","10,3038","0,78%"
08.06.2012,"10,4988","10,5301","10,5973","10,4300","-0,32%"
11.06.2012,"10,5690","10,5135","10,5987","10,3928","0,67%"
12.06.2012,"10,4967","10,5466","10,5758","10,4331","-0,68%"
13.06.2012,"10,5427","10,4892","10,5788","10,4177","0,44%"
14.06.2012,"10,5714","10,5484","10,6394","10,4591","0,27%"
15.06.2012,"10,5579","10,5591","10,6384","10,4900","-0,13%"
18.06.2012,"10,4320","10,5012","10,5621","10,3577","-1,19%"
19.06.2012,"10,4142","10,4285","10,4903","10,3305","-0,17%"
20.06.2012,"10,4106","10,4068","10,4679","10,2970","-0,03%"
21.06.2012,"10,5180","10,4066","10,5509","10,3301","1,03%"
22.06.2012,"10,5650","10,5138","10,5885","10,4107","0,45%"
25.06.2012,"10,6034","10,5052","10,6512","10,4491","0,36%"
26.06.2012,"10,5674","10,6016","10,6836","10,4483","-0,34%"
27.06.2012,"10,5255","10,5478","10,5731","10,3900","-0,40%"
28.06.2012,"10,4544","10,5238","10,5360","10,3948","-0,68%"
29.06.2012,"10,3369","10,4657","10,5223","10,2890","-1,12%"
02.07.2012,"10,2679","10,3293","10,3582","10,1939","-0,67%"
03.07.2012,"10,1868","10,2535","10,2939","10,0826","-0,79%"
04.07.2012,"10,1906","10,1671","10,2449","10,0902","0,04%"
05.07.2012,"10,0902","10,1853","10,2394","10,0100","-0,99%"
06.07.2012,"10,1491","10,0677","10,2474","10,0195","0,58%"
09.07.2012,"10,1219","10,0982","10,2159","10,0418","-0,27%"
10.07.2012,"10,0724","10,1098","10,1593","9,9412","-0,49%"
11.07.2012,"10,0761","10,0634","10,1304","9,9665","0,04%"
12.07.2012,"10,1657","10,0527","10,2115","10,0107","0,89%"
13.07.2012,"10,1271","10,1434","10,2176","10,0479","-0,38%"
16.07.2012,"10,0666","10,0875","10,1323","9,9896","-0,60%"
17.07.2012,"10,0410","10,0363","10,0995","9,9665","-0,25%"
18.07.2012,"10,0237","10,0301","10,0707","9,9437","-0,17%"
19.07.2012,"10,0395","10,0100","10,0747","9,9319","0,16%"
20.07.2012,"10,0743","10,0344","10,1123","9,9550","0,35%"
23.07.2012,"10,2548","10,0384","10,3236","9,9626","1,79%"
24.07.2012,"10,2689","10,2520","10,3238","10,1374","0,14%"
25.07.2012,"10,2083","10,2706","10,3282","10,1373","-0,59%"
26.07.2012,"10,1321","10,2036","10,2599","10,0188","-0,75%"
27.07.2012,"10,0490","10,0801","10,1801","9,9523","-0,82%"
30.07.2012,"10,0460","10,0532","10,0855","9,9623","-0,03%"
31.07.2012,"10,1599","9,9780","10,2003","9,9372","1,13%"
01.08.2012,"10,2112","10,1596","10,2324","10,0498","0,50%"
02.08.2012,"10,1809","10,1971","10,2924","10,0788","-0,30%"
03.08.2012,"10,0967","10,1620","10,2174","9,9802","-0,83%"
06.08.2012,"10,1078","10,0887","10,1502","9,9963","0,11%"
07.08.2012,"10,1277","10,1205","10,1762","10,0375","0,20%"
08.08.2012,"9,9963","10,1160","10,1645","9,9111","-1,30%"
09.08.2012,"9,9456","10,0027","10,0435","9,8737","-0,51%"
10.08.2012,"9,9692","9,9376","10,0841","9,8320","0,24%"
13.08.2012,"10,0503","9,8657","10,0784","9,8494","0,81%"
14.08.2012,"10,0959","10,0425","10,1350","9,9495","0,45%"
15.08.2012,"10,1262","10,0902","10,1399","9,9879","0,30%"
16.08.2012,"10,1520","10,0980","10,1871","10,0115","0,25%"
17.08.2012,"10,2806","10,1432","10,3299","10,0753","1,27%"
20.08.2012,"10,2860","10,2632","10,3227","10,1590","0,05%"
21.08.2012,"10,3038","10,2790","10,3162","10,1867","0,17%"
22.08.2012,"10,3053","10,2869","10,3874","10,2239","0,01%"
23.08.2012,"10,4533","10,3055","10,4658","10,2144","1,44%"
24.08.2012,"10,5123","10,4390","10,5531","10,3661","0,56%"
27.08.2012,"10,5544","10,4646","10,5665","10,4258","0,40%"
28.08.2012,"10,5542","10,4850","10,5837","10,4292","-0,00%"
29.08.2012,"10,5363","10,5226","10,5958","10,4333","-0,17%"
30.08.2012,"10,6032","10,4700","10,6403","10,4367","0,63%"
31.08.2012,"10,5672","10,5900","10,6660","10,4667","-0,34%"
03.09.2012,"10,5630","10,5798","10,6150","10,4853","-0,04%"
04.09.2012,"10,5699","10,5496","10,6513","10,4648","0,07%"
05.09.2012,"10,6029","10,5113","10,6717","10,4534","0,31%"
06.09.2012,"10,4843","10,5785","10,6123","10,4042","-1,12%"
07.09.2012,"10,4747","10,4753","10,5086","10,3847","-0,09%"
10.09.2012,"10,4487","10,4840","10,5674","10,3196","-0,25%"
11.09.2012,"10,5136","10,3874","10,6005","10,3372","0,62%"
12.09.2012,"10,7631","10,4473","10,8797","10,4160","2,37%"
13.09.2012,"10,6958","10,6938","10,9728","10,5803","-0,63%"
14.09.2012,"10,7719","10,6347","10,8672","10,5949","0,71%"
17.09.2012,"10,8377","10,7108","10,9275","10,7043","0,61%"
18.09.2012,"10,6827","10,7705","10,8456","10,5886","-1,43%"
19.09.2012,"10,7900","10,6627","10,8681","10,6095","1,00%"
20.09.2012,"10,7866","10,7235","10,8634","10,6620","-0,03%"
21.09.2012,"10,7407","10,7208","10,8506","10,6112","-0,43%"
24.09.2012,"10,6648","10,6703","10,8306","10,5605","-0,71%"
25.09.2012,"10,5976","10,6621","10,6882","10,5175","-0,63%"
26.09.2012,"10,5921","10,5866","10,6393","10,4978","-0,05%"
27.09.2012,"10,6360","10,5808","10,6456","10,4622","0,41%"
28.09.2012,"10,6849","10,6153","10,7535","10,5337","0,46%"
01.10.2012,"10,7861","10,6108","10,8350","10,4793","0,95%"
02.10.2012,"10,8027","10,7775","10,8463","10,6933","0,15%"
03.10.2012,"10,8766","10,7945","10,9710","10,7256","0,68%"
04.10.2012,"11,0749","10,8616","11,1139","10,7874","1,82%"
05.10.2012,"11,4429","11,0655","11,6096","10,9700","3,32%"
08.10.2012,"11,4883","11,3934","11,6610","11,3134","0,40%"
09.10.2012,"11,2681","11,4304","11,6151","11,1712","-1,92%"
10.10.2012,"11,2523","11,2014","11,3041","11,0708","-0,14%"
11.10.2012,"11,1997","11,1717","11,3161","11,0851","-0,47%"
12.10.2012,"11,3113","11,2053","11,4186","11,0824","1,00%"
15.10.2012,"11,3953","11,3162","11,4979","11,2442","0,74%"
16.10.2012,"11,3776","11,3286","11,5025","11,2761","-0,16%"
17.10.2012,"11,2870","11,3160","11,5061","11,2029","-0,80%"
18.10.2012,"11,3026","11,2207","11,4253","11,1747","0,14%"
19.10.2012,"11,2809","11,2400","11,3504","11,1622","-0,19%"
22.10.2012,"11,2884","11,2757","11,3071","11,1650","0,07%"
23.10.2012,"11,3822","11,2491","11,4229","11,1964","0,83%"
24.10.2012,"11,3933","11,3097","11,4159","11,2639","0,10%"
25.10.2012,"11,2922","11,3679","11,3949","11,2068","-0,89%"
26.10.2012,"11,1890","11,2981","11,3510","11,0931","-0,91%"
29.10.2012,"11,2011","11,1366","11,3153","11,0931","0,11%"
30.10.2012,"11,2037","11,1314","11,2444","11,1284","0,02%"
31.10.2012,"11,2376","11,1952","11,3095","11,1205","0,30%"
01.11.2012,"11,1858","11,1694","11,2689","11,1181","-0,46%"
02.11.2012,"11,2571","11,1759","11,3465","11,0794","0,64%"
05.11.2012,"11,1692","11,1804","11,2685","11,0372","-0,78%"
06.11.2012,"11,0648","11,0948","11,1836","10,9637","-0,93%"
07.11.2012,"11,0285","11,0519","11,1044","10,9472","-0,33%"
08.11.2012,"11,1138","11,0156","11,1974","10,9480","0,77%"
09.11.2012,"11,0770","11,0626","11,1376","11,0218","-0,33%"
12.11.2012,"11,1164","11,0476","11,1578","10,9933","0,36%"
13.11.2012,"11,1827","11,1072","11,2709","11,0347","0,60%"
14.11.2012,"11,3684","11,1760","11,3718","11,0664","1,66%"
15.11.2012,"11,4142","11,3596","11,4775","11,2539","0,40%"
16.11.2012,"11,2917","11,4024","11,4257","11,2086","-1,07%"
19.11.2012,"11,3145","11,2527","11,3392","11,2028","0,20%"
20.11.2012,"11,3355","11,2631","11,3763","11,2137","0,19%"
21.11.2012,"11,4886","11,3267","11,6117","11,2564","1,35%"
22.11.2012,"11,5222","11,4776","11,5681","11,4160","0,29%"
23.11.2012,"11,5132","11,5218","11,5698","11,4036","-0,08%"
26.11.2012,"11,4970","11,4439","11,5398","11,4195","-0,14%"
27.11.2012,"11,4378","11,4979","11,5143","11,3396","-0,51%"
28.11.2012,"11,4047","11,4320","11,4702","11,3249","-0,29%"
29.11.2012,"11,3956","11,3384","11,4526","11,2961","-0,08%"
30.11.2012,"11,5638","11,3330","11,6188","11,3211","1,48%"
03.12.2012,"11,5814","11,4892","11,6899","11,4622","0,15%"
04.12.2012,"11,5168","11,5715","11,6616","11,4299","-0,56%"
05.12.2012,"11,4638","11,5021","11,5452","11,3857","-0,46%"
06.12.2012,"11,2511","11,4506","11,4734","11,1792","-1,86%"
07.12.2012,"11,1855","11,2543","11,2834","11,1155","-0,58%"
10.12.2012,"11,2187","11,1159","11,3265","11,0974","0,30%"
11.12.2012,"11,2622","11,1612","11,3585","11,1489","0,39%"
12.12.2012,"11,3035","11,2545","11,3956","11,1757","0,37%"
13.12.2012,"11,3357","11,3060","11,4068","11,2160","0,28%"
14.12.2012,"11,3391","11,2634","11,3627","11,2336","0,03%"
17.12.2012,"11,2449","11,2990","11,3793","11,1746","-0,83%"
18.12.2012,"11,1715","11,2345","11,3566","11,0879","-0,65%"
19.12.2012,"11,2401","11,1051","11,3332","11,1003","0,61%"
20.12.2012,"11,2318","11,2249","11,3260","11,1363","-0,07%"
21.12.2012,"11,2973","11,2229","11,3679","11,1510","0,58%"
24.12.2012,"11,3143","11,2069","11,4321","11,2052","0,15%"
25.12.2012,"11,3162","11,2506","11,4201","11,1866","0,02%"
26.12.2012,"11,3362","11,2477","11,4193","11,2136","0,18%"
27.12.2012,"11,2317","11,3244","11,4445","11,1535","-0,92%"
28.12.2012,"11,2143","11,2163","11,2803","11,1290","-0,15%"
31.12.2012,"11,1551","11,1404","11,2939","11,0729","-0,53%"
01.01.2013,"11,1584","11,1480","11,1943","11,0877","0,03%"
02.01.2013,"11,1946","11,1580","11,3570","11,0912","0,32%"
03.01.2013,"11,2166","11,1828","11,3287","11,0843","0,20%"
04.01.2013,"11,1992","11,1514","11,3148","11,0934","-0,16%"
07.01.2013,"11,2393","11,1675","11,3118","11,1081","0,36%"
08.01.2013,"11,2273","11,2362","11,2814","11,1459","-0,11%"
09.01.2013,"11,2358","11,2177","11,3122","11,1359","0,08%"
10.01.2013,"11,4709","11,2246","11,5599","11,1419","2,09%"
11.01.2013,"11,6456","11,4030","11,7134","11,3903","1,52%"
14.01.2013,"11,6367","11,6419","11,6987","11,5456","-0,08%"
15.01.2013,"11,7312","11,6270","11,7706","11,5385","0,81%"
16.01.2013,"11,7001","11,7255","11,7930","11,6004","-0,27%"
17.01.2013,"11,7837","11,6875","11,8577","11,5993","0,71%"
18.01.2013,"11,8231","11,7069","11,9279","11,6938","0,33%"
21.01.2013,"11,7960","11,8048","11,8552","11,7212","-0,23%"
22.01.2013,"11,7954","11,7287","11,9014","11,6826","-0,01%"
23.01.2013,"12,0694","11,7665","12,0764","11,7007","2,32%"
24.01.2013,"12,1079","12,0568","12,1244","11,9612","0,32%"
25.01.2013,"12,0311","12,0914","12,1677","11,9553","-0,63%"
28.01.2013,"12,2431","12,0187","12,3200","11,9880","1,76%"
29.01.2013,"12,1805","12,2393","12,2855","12,1093","-0,51%"
30.01.2013,"12,2761","12,1745","12,3220","12,0987","0,78%"
31.01.2013,"12,1651","12,2574","12,2956","12,0434","-0,90%"
01.02.2013,"12,0809","12,1501","12,3216","11,9974","-0,69%"
04.02.2013,"12,0244","12,0288","12,2035","11,9425","-0,47%"
05.02.2013,"11,9832","12,0385","12,0910","11,8980","-0,34%"
06.02.2013,"12,0356","11,9958","12,0939","11,8972","0,44%"
07.02.2013,"11,9422","12,0245","12,0969","11,8507","-0,78%"
08.02.2013,"11,8696","11,9296","12,0155","11,8235","-0,61%"
11.02.2013,"11,9385","11,8573","11,9667","11,8277","0,58%"
12.02.2013,"11,9707","11,9401","12,0943","11,8939","0,27%"
13.02.2013,"11,9087","11,9642","12,0332","11,8453","-0,52%"
14.02.2013,"11,7210","11,9028","11,9916","11,6267","-1,58%"
15.02.2013,"11,8380","11,6597","11,8700","11,6398","1,00%"
18.02.2013,"11,8569","11,8121","11,9252","11,7304","0,16%"
19.02.2013,"11,8577","11,8023","12,0159","11,7799","0,01%"
20.02.2013,"11,8319","11,7959","11,8981","11,7486","-0,22%"
21.02.2013,"11,7366","11,8313","11,9069","11,6357","-0,81%"
22.02.2013,"11,6822","11,6696","11,7725","11,5928","-0,46%"
25.02.2013,"11,5800","11,6532","11,7761","11,4949","-0,87%"
26.02.2013,"11,5286","11,5178","11,5936","11,4219","-0,44%"
27.02.2013,"11,5892","11,4552","11,6611","11,4348","0,53%"
28.02.2013,"11,7749","11,5183","11,7970","11,5135","1,60%"
01.03.2013,"11,8151","11,7644","11,8482","11,6927","0,34%"
04.03.2013,"11,8270","11,7359","11,9374","11,7240","0,10%"
05.03.2013,"11,7762","11,8221","11,9139","11,6987","-0,43%"
06.03.2013,"11,8342","11,7129","11,9519","11,7088","0,49%"
07.03.2013,"11,9844","11,7751","12,0700","11,7531","1,27%"
08.03.2013,"11,8096","11,9189","12,0312","11,7147","-1,46%"
11.03.2013,"11,8594","11,7753","11,9334","11,7280","0,42%"
12.03.2013,"11,9564","11,8489","12,0385","11,7845","0,82%"
13.03.2013,"11,9917","11,8813","12,0801","11,8627","0,30%"
14.03.2013,"11,9196","11,9414","12,0969","11,8439","-0,60%"
15.03.2013,"12,0135","11,8511","12,0385","11,8481","0,79%"
18.03.2013,"11,8712","11,8765","12,0126","11,7934","-1,18%"
19.03.2013,"11,9082","11,8211","12,0538","11,7919","0,31%"
20.03.2013,"12,0677","11,8435","12,1561","11,8422","1,34%"
21.03.2013,"12,0222","12,0062","12,1288","11,9253","-0,38%"
22.03.2013,"12,0790","12,0040","12,1991","11,9257","0,47%"
25.03.2013,"11,9490","12,0141","12,2082","11,8699","-1,08%"
26.03.2013,"11,8937","11,8863","12,0281","11,8101","-0,46%"
27.03.2013,"11,8427","11,8162","11,9977","11,7558","-0,43%"
28.03.2013,"11,8054","11,7741","11,9204","11,7160","-0,31%"
29.03.2013,"11,8413","11,7542","11,8911","11,7303","0,30%"
01.04.2013,"11,8082","11,8067","11,9189","11,7353","-0,28%"
02.04.2013,"11,8488","11,8051","11,9337","11,7452","0,34%"
03.04.2013,"11,8504","11,8409","11,9377","11,7669","0,01%"
04.04.2013,"11,8204","11,7904","11,9392","11,7157","-0,25%"
05.04.2013,"11,8181","11,7832","11,9036","11,7275","-0,02%"
08.04.2013,"11,7021","11,7507","11,9065","11,6056","-0,98%"
09.04.2013,"11,6688","11,6299","11,7872","11,5783","-0,28%"
10.04.2013,"11,6377","11,6016","11,7885","11,5481","-0,27%"
11.04.2013,"11,6649","11,6321","11,7669","11,5434","0,23%"
12.04.2013,"11,7238","11,6055","11,8135","11,5809","0,50%"
15.04.2013,"11,9998","11,6753","12,0926","11,6531","2,35%"
16.04.2013,"12,0296","11,9693","12,1243","11,8797","0,25%"
17.04.2013,"11,9501","11,9637","12,1537","11,8620","-0,66%"
18.04.2013,"11,9976","11,9608","12,0923","11,8728","0,40%"
19.04.2013,"12,0410","11,9344","12,1597","11,8951","0,36%"
22.04.2013,"12,0702","12,0319","12,2034","11,9728","0,24%"
23.04.2013,"11,9654","12,0022","12,1808","11,8858","-0,87%"
24.04.2013,"11,8906","11,8990","12,0002","11,8032","-0,63%"
25.04.2013,"11,8362","11,8827","11,9296","11,7146","-0,46%"
26.04.2013,"11,8595","11,8279","11,9641","11,7309","0,20%"
29.04.2013,"11,7830","11,8108","11,9718","11,6819","-0,65%"
30.04.2013,"11,8085","11,7479","11,8760","11,6549","0,22%"
01.05.2013,"11,8923","11,8037","12,0210","11,7366","0,71%"
02.05.2013,"11,6901","11,8259","12,0006","11,5845","-1,70%"
03.05.2013,"11,6858","11,6235","11,7741","11,6029","-0,04%"
06.05.2013,"11,7671","11,6774","11,8629","11,6070","0,70%"
07.05.2013,"11,8102","11,6999","11,8841","11,6694","0,37%"
08.05.2013,"11,8447","11,8034","12,0072","11,7102","0,29%"
09.05.2013,"11,7718","11,7776","11,9039","11,6714","-0,62%"
10.05.2013,"11,8537","11,7645","11,9139","11,6811","0,70%"
13.05.2013,"11,8851","11,7541","11,9630","11,7385","0,26%"
14.05.2013,"11,9349","11,8198","12,0415","11,7989","0,42%"
15.05.2013,"11,9302","11,8684","12,0503","11,8514","-0,04%"
16.05.2013,"12,0076","11,8639","12,0934","11,8527","0,65%"
17.05.2013,"12,0740","11,9964","12,1602","11,9214","0,55%"
20.05.2013,"12,1624","11,9937","12,2146","11,9884","0,73%"
21.05.2013,"12,3175","12,0966","12,3673","12,0833","1,28%"
22.05.2013,"12,3083","12,2404","12,4461","12,1902","-0,07%"
23.05.2013,"12,3252","12,3000","12,4907","12,2221","0,14%"
24.05.2013,"12,3834","12,3177","12,4890","12,2401","0,47%"
27.05.2013,"12,4131","12,3411","12,4814","12,2892","0,24%"
28.05.2013,"12,5745","12,3957","12,6364","12,3278","1,30%"
29.05.2013,"12,7180","12,5414","12,7541","12,4857","1,14%"
30.05.2013,"13,1062","12,7055","13,1735","12,6210","3,05%"
31.05.2013,"13,1180","13,0390","13,4597","12,9433","0,09%"
03.06.2013,"12,8374","12,8743","13,1423","12,7484","-2,14%"
04.06.2013,"12,8522","12,8298","12,9540","12,6057","0,12%"
05.06.2013,"13,1042","12,7864","13,1488","12,7533","1,96%"
06.06.2013,"13,0646","13,1022","13,2811","12,9221","-0,30%"
07.06.2013,"13,1742","12,9969","13,3687","12,9950","0,84%"
10.06.2013,"13,4983","13,1295","13,5698","13,1169","2,46%"
11.06.2013,"13,4090","13,4310","13,8327","13,2507","-0,66%"
12.06.2013,"13,5019","13,3420","13,6531","13,1371","0,69%"
13.06.2013,"13,1733","13,4330","13,5504","13,0627","-2,43%"
14.06.2013,"13,2736","13,1656","13,3954","13,0448","0,76%"
17.06.2013,"13,3351","13,2652","13,4032","13,1064","0,46%"
18.06.2013,"13,3820","13,3266","13,5292","13,2399","0,35%"
19.06.2013,"13,5349","13,3131","13,6075","13,2289","1,14%"
20.06.2013,"13,5026","13,4679","13,7027","13,3973","-0,24%"
21.06.2013,"13,3331","13,4394","13,6661","13,2554","-1,26%"
24.06.2013,"13,2112","13,2711","13,4994","13,1071","-0,91%"
25.06.2013,"13,2134","13,2032","13,3260","12,9872","0,02%"
26.06.2013,"13,1551","13,1496","13,3056","13,0084","-0,44%"
27.06.2013,"12,9632","13,0881","13,1960","12,8661","-1,46%"
28.06.2013,"12,8539","12,8955","13,1933","12,7677","-0,84%"
01.07.2013,"12,9810","12,8054","13,0483","12,7876","0,99%"
02.07.2013,"12,9777","12,9147","13,0718","12,7912","-0,03%"
03.07.2013,"13,1272","12,9108","13,2320","12,8889","1,15%"
04.07.2013,"12,9626","13,0582","13,1963","12,8383","-1,25%"
05.07.2013,"13,0958","12,8965","13,1727","12,8058","1,03%"
08.07.2013,"13,0849","13,0035","13,2718","12,9893","-0,08%"
09.07.2013,"12,8104","13,0196","13,1565","12,7187","-2,10%"
10.07.2013,"12,9577","12,7456","12,9789","12,6862","1,15%"
11.07.2013,"13,0834","12,9481","13,1935","12,8389","0,97%"
12.07.2013,"13,0463","13,0164","13,1564","12,8939","-0,28%"
15.07.2013,"12,8942","12,9621","13,0615","12,8258","-1,17%"
16.07.2013,"12,9771","12,8862","13,0121","12,7705","0,64%"
17.07.2013,"12,8966","12,9103","13,1627","12,8010","-0,62%"
18.07.2013,"13,0194","12,8300","13,0405","12,7995","0,95%"
19.07.2013,"12,9723","13,0100","13,1001","12,8717","-0,36%"
22.07.2013,"12,9474","12,9058","12,9944","12,8330","-0,19%"
23.07.2013,"12,8036","12,9393","13,0519","12,7351","-1,11%"
24.07.2013,"12,9167","12,7361","12,9543","12,6786","0,88%"
25.07.2013,"12,9052","12,8502","13,0706","12,8010","-0,09%"
26.07.2013,"12,9869","12,8379","13,0886","12,8147","0,63%"
29.07.2013,"12,9897","12,9301","13,1240","12,8902","0,02%"
30.07.2013,"12,9981","12,9208","13,1357","12,8989","0,06%"
31.07.2013,"13,1269","12,9905","13,2728","12,9176","0,99%"
01.08.2013,"13,1740","13,0673","13,2764","12,9930","0,36%"
02.08.2013,"13,0633","13,1060","13,3316","12,9910","-0,84%"
05.08.2013,"13,0510","13,0373","13,1895","12,9680","-0,09%"
06.08.2013,"13,2198","12,9832","13,2984","12,9682","1,29%"
07.08.2013,"13,2851","13,2116","13,3529","13,1084","0,49%"
08.08.2013,"13,2037","13,2174","13,3582","13,0541","-0,61%"
09.08.2013,"13,1032","13,1886","13,2071","12,9495","-0,76%"
12.08.2013,"13,1509","13,0387","13,2291","12,9596","0,36%"
13.08.2013,"13,2580","13,1388","13,3206","13,0487","0,81%"
14.08.2013,"13,2192","13,1907","13,3471","13,0975","-0,29%"
15.08.2013,"13,3359","13,1523","13,3555","13,0987","0,88%"
16.08.2013,"13,4496","13,3284","13,5196","13,2426","0,85%"
19.08.2013,"13,6097","13,3557","13,6980","13,3078","1,19%"
20.08.2013,"13,6317","13,5430","13,7248","13,5124","0,16%"
21.08.2013,"13,8788","13,5626","13,9552","13,5369","1,81%"
22.08.2013,"13,7326","13,8117","13,9874","13,6154","-1,05%"
23.08.2013,"13,7061","13,6648","13,8116","13,5206","-0,19%"
26.08.2013,"13,8056","13,6811","13,9010","13,5830","0,73%"
27.08.2013,"13,9051","13,7373","13,9727","13,7300","0,72%"
28.08.2013,"13,7533","13,8974","14,0647","13,6193","-1,09%"
29.08.2013,"13,7217","13,7451","13,8547","13,5886","-0,23%"
30.08.2013,"13,5932","13,6544","13,7993","13,4406","-0,94%"
02.09.2013,"13,5633","13,5271","13,6400","13,3809","-0,22%"
03.09.2013,"13,6112","13,4973","13,6906","13,4342","0,35%"
04.09.2013,"13,5308","13,5896","13,6883","13,4038","-0,59%"
05.09.2013,"13,4322","13,4622","13,6743","13,3082","-0,73%"
06.09.2013,"13,1998","13,3646","13,5029","13,0998","-1,73%"
09.09.2013,"13,1967","13,1864","13,3093","13,0923","-0,02%"
10.09.2013,"13,2466","13,1284","13,3324","13,1229","0,38%"
11.09.2013,"13,1378","13,2401","13,3706","13,0596","-0,82%"
12.09.2013,"13,2602","13,0678","13,3334","13,0585","0,93%"
13.09.2013,"13,2072","13,1917","13,2787","13,1161","-0,40%"
16.09.2013,"13,0811","13,1586","13,3255","12,9677","-0,95%"
17.09.2013,"13,0969","13,0124","13,2404","13,0034","0,12%"
18.09.2013,"12,9649","13,0291","13,1790","12,8424","-1,01%"
19.09.2013,"13,1316","12,8963","13,2472","12,8537","1,29%"
20.09.2013,"13,3625","13,0629","13,4895","13,0190","1,76%"
23.09.2013,"13,2823","13,3418","13,4539","13,1947","-0,60%"
24.09.2013,"13,3007","13,2138","13,4089","13,1671","0,14%"
25.09.2013,"13,5141","13,2318","13,5863","13,2027","1,60%"
26.09.2013,"13,4768","13,4456","13,5473","13,3723","-0,28%"
27.09.2013,"13,6478","13,4624","13,8071","13,3884","1,27%"
30.09.2013,"13,5650","13,5360","13,7023","13,4631","-0,61%"
01.10.2013,"13,6911","13,5517","13,7876","13,4790","0,93%"
02.10.2013,"13,6047","13,6214","13,7929","13,5220","-0,63%"
03.10.2013,"13,6657","13,5343","13,8212","13,4917","0,45%"
04.10.2013,"13,5360","13,5966","13,6898","13,4578","-0,95%"
07.10.2013,"13,5888","13,5439","13,7130","13,4547","0,39%"
08.10.2013,"13,5690","13,5199","13,6610","13,4220","-0,15%"
09.10.2013,"13,4727","13,5001","13,5715","13,3886","-0,71%"
10.10.2013,"13,3943","13,4649","13,5684","13,3021","-0,58%"
11.10.2013,"13,3985","13,3257","13,5513","13,3018","0,03%"
14.10.2013,"13,4462","13,3317","13,6046","13,3307","0,36%"
15.10.2013,"13,4939","13,3769","13,5719","13,3313","0,35%"
16.10.2013,"13,3515","13,4885","13,5319","13,2326","-1,06%"
17.10.2013,"13,4370","13,2834","13,5352","13,2575","0,64%"
18.10.2013,"13,3991","13,3676","13,5613","13,2685","-0,28%"
21.10.2013,"13,4649","13,3665","13,5067","13,2711","0,49%"
22.10.2013,"13,4198","13,4293","13,6076","13,3121","-0,33%"
23.10.2013,"13,4924","13,3503","13,5808","13,3330","0,54%"
24.10.2013,"13,4612","13,4221","13,5850","13,3816","-0,23%"
25.10.2013,"13,5662","13,3922","13,6548","13,3816","0,78%"
28.10.2013,"13,5484","13,4688","13,6546","13,4294","-0,13%"
29.10.2013,"13,5967","13,5393","13,6916","13,4592","0,36%"
30.10.2013,"13,6619","13,5264","13,7497","13,4629","0,48%"
31.10.2013,"13,6522","13,6553","13,7417","13,5008","-0,07%"
01.11.2013,"13,7438","13,5819","13,8373","13,5043","0,67%"
04.11.2013,"13,6921","13,6866","13,8004","13,5938","-0,38%"
05.11.2013,"13,8033","13,6869","13,9021","13,6016","0,81%"
06.11.2013,"13,8773","13,7344","13,9964","13,6796","0,54%"
07.11.2013,"13,8235","13,8093","13,9278","13,5594","-0,39%"
08.11.2013,"13,8248","13,8162","13,9306","13,6525","0,01%"
11.11.2013,"13,8872","13,8000","14,0132","13,7109","0,45%"
12.11.2013,"13,9332","13,8202","14,0596","13,8135","0,33%"
13.11.2013,"13,8623","13,8639","14,0030","13,7706","-0,51%"
14.11.2013,"13,7197","13,7928","13,9328","13,6283","-1,03%"
15.11.2013,"13,7125","13,6418","13,7867","13,5830","-0,05%"
18.11.2013,"13,7008","13,6991","13,7620","13,5539","-0,09%"
19.11.2013,"13,7865","13,6907","13,8923","13,5598","0,63%"
20.11.2013,"13,6407","13,7181","13,8575","13,4564","-1,06%"
21.11.2013,"13,6546","13,5728","13,7607","13,5343","0,10%"
22.11.2013,"13,6528","13,5862","13,7477","13,5467","-0,01%"
25.11.2013,"13,6463","13,5899","13,7595","13,4822","-0,05%"
26.11.2013,"13,7499","13,5782","13,8382","13,5615","0,76%"
27.11.2013,"13,8980","13,6801","13,9137","13,6563","1,08%"
28.11.2013,"13,8857","13,8889","13,9582","13,7748","-0,09%"
29.11.2013,"13,8283","13,8162","13,9637","13,7624","-0,41%"
02.12.2013,"13,9153","13,7820","13,9491","13,7101","0,63%"
03.12.2013,"14,0393","13,9038","14,1245","13,8273","0,89%"
04.12.2013,"14,1855","14,0334","14,2712","13,9644","1,04%"
05.12.2013,"14,2826","14,1517","14,4010","14,0946","0,68%"
06.12.2013,"14,1459","14,2137","14,4515","14,0319","-0,96%"
09.12.2013,"14,2781","14,0853","14,3558","14,0352","0,93%"
10.12.2013,"14,2578","14,2719","14,3545","14,0508","-0,14%"
11.12.2013,"14,3046","14,1869","14,4085","14,1302","0,33%"
12.12.2013,"14,2873","14,2354","14,4408","14,1811","-0,12%"
13.12.2013,"14,1456","14,2811","14,3521","14,0444","-0,99%"
16.12.2013,"14,1512","14,0742","14,3191","14,0302","0,04%"
17.12.2013,"14,2196","14,1432","14,3290","14,0652","0,48%"
18.12.2013,"14,1572","14,1508","14,3078","14,0176","-0,44%"
19.12.2013,"14,1951","14,1140","14,3260","14,0435","0,27%"
20.12.2013,"14,1576","14,1258","14,2981","14,0395","-0,26%"
23.12.2013,"14,1685","14,0651","14,2629","14,0411","0,08%"
24.12.2013,"14,1356","14,1401","14,2492","14,0449","-0,23%"
25.12.2013,"14,1273","14,0651","14,2218","14,0169","-0,06%"
26.12.2013,"14,1823","14,0579","14,2598","14,0435","0,39%"
27.12.2013,"14,4703","14,1127","14,5447","14,0949","2,03%"
30.12.2013,"14,3857","14,3934","14,5692","14,2850","-0,58%"
31.12.2013,"14,4292","14,3141","14,6328","14,2823","0,30%"
01.01.2014,"14,4486","14,3542","14,5251","14,2790","0,13%"
02.01.2014,"14,6072","14,3777","14,6922","14,3436","1,10%"
03.01.2014,"14,5000","14,5367","14,6308","14,3639","-0,73%"
06.01.2014,"14,5138","14,4069","14,6768","14,3668","0,10%"
07.01.2014,"14,4956","14,4436","14,6205","14,3518","-0,13%"
08.01.2014,"14,6222","14,4265","14,7100","14,3913","0,87%"
09.01.2014,"14,6928","14,5527","14,8051","14,5220","0,48%"
10.01.2014,"14,5495","14,6237","14,7219","14,4558","-0,98%"
13.01.2014,"14,7999","14,5045","14,8922","14,4752","1,72%"
14.01.2014,"14,8207","14,7229","14,9563","14,6744","0,14%"
15.01.2014,"14,8039","14,7528","14,8982","14,6622","-0,11%"
16.01.2014,"14,8289","14,7334","14,9831","14,7150","0,17%"
17.01.2014,"14,7137","14,7575","14,8635","14,5846","-0,78%"
20.01.2014,"14,7094","14,6229","14,8331","14,5871","-0,03%"
21.01.2014,"14,6831","14,6967","14,8047","14,5383","-0,18%"
22.01.2014,"14,7329","14,6115","14,8408","14,5667","0,34%"
23.01.2014,"15,0542","14,6635","15,1288","14,6435","2,18%"
24.01.2014,"15,1636","15,0483","15,3821","14,9490","0,73%"
27.01.2014,"15,1978","15,1530","15,4694","15,0988","0,23%"
28.01.2014,"15,0694","15,1294","15,2824","14,9544","-0,84%"
29.01.2014,"15,4638","14,9982","15,5691","14,8168","2,62%"
30.01.2014,"15,1970","15,3932","15,5574","15,0266","-1,73%"
31.01.2014,"15,0006","15,1274","15,3987","14,8804","-1,29%"
03.02.2014,"15,2562","14,9469","15,3303","14,8772","1,70%"
04.02.2014,"15,0053","15,1875","15,3305","14,8925","-1,64%"
05.02.2014,"15,0690","14,9360","15,2063","14,8764","0,42%"
06.02.2014,"14,9965","14,9991","15,2129","14,8594","-0,48%"
07.02.2014,"15,0858","14,9862","15,1527","14,8087","0,60%"
10.02.2014,"15,2049","15,0576","15,2329","14,9615","0,79%"
11.02.2014,"14,9573","15,1953","15,3180","14,8762","-1,63%"
12.02.2014,"14,9600","14,8875","15,0715","14,8060","0,02%"
13.02.2014,"15,0043","14,9308","15,2044","14,8650","0,30%"
14.02.2014,"14,8581","14,9959","15,1419","14,7791","-0,97%"
17.02.2014,"14,8389","14,8055","14,9885","14,7492","-0,13%"
18.02.2014,"14,9646","14,8278","15,0655","14,7556","0,85%"
19.02.2014,"15,1612","14,9539","15,2067","14,8757","1,31%"
20.02.2014,"15,0999","15,1533","15,3207","14,9844","-0,40%"
21.02.2014,"15,0248","15,0962","15,1699","14,9188","-0,50%"
24.02.2014,"14,8255","14,9919","15,1959","14,6951","-1,33%"
25.02.2014,"14,7462","14,8204","14,9817","14,6302","-0,53%"
26.02.2014,"14,8118","14,6748","14,9251","14,6214","0,44%"
27.02.2014,"14,6714","14,8039","14,9337","14,5811","-0,95%"
28.02.2014,"14,8498","14,6007","14,8791","14,5414","1,22%"
03.03.2014,"14,9657","14,7589","15,0938","14,7295","0,78%"
04.03.2014,"14,7812","14,8948","15,0401","14,6907","-1,23%"
05.03.2014,"14,6457","14,7108","14,8738","14,5677","-0,92%"
06.03.2014,"14,6936","14,6383","14,8050","14,5332","0,33%"
07.03.2014,"14,8967","14,6841","14,9330","14,6092","1,38%"
10.03.2014,"14,9181","14,8704","14,9813","14,7986","0,14%"
11.03.2014,"15,0445","14,8418","15,1426","14,7845","0,85%"
12.03.2014,"15,0144","14,9746","15,1893","14,9478","-0,20%"
13.03.2014,"14,9883","15,0132","15,1256","14,8412","-0,17%"
14.03.2014,"14,8579","14,9774","15,0771","14,7501","-0,87%"
17.03.2014,"15,0023","14,8163","15,0693","14,7394","0,97%"
18.03.2014,"14,9539","14,9306","15,0898","14,8081","-0,32%"
19.03.2014,"15,0379","14,8822","15,0735","14,7976","0,56%"
20.03.2014,"15,0039","15,0253","15,1780","14,9096","-0,23%"
21.03.2014,"15,0294","14,9329","15,1350","14,8758","0,17%"
24.03.2014,"14,9877","14,9701","15,1290","14,8262","-0,28%"
25.03.2014,"14,8474","14,9163","15,0969","14,7310","-0,94%"
26.03.2014,"14,7588","14,8384","14,8787","14,6390","-0,60%"
27.03.2014,"14,5430","14,7487","14,7694","14,4616","-1,46%"
28.03.2014,"14,5452","14,5287","14,6185","14,4570","0,02%"
31.03.2014,"14,5043","14,5678","14,6568","14,4026","-0,28%"
01.04.2014,"14,5969","14,4991","14,6737","14,4186","0,64%"
02.04.2014,"14,6080","14,5667","14,7652","14,4985","0,08%"
03.04.2014,"14,5995","14,5238","14,7787","14,4917","-0,06%"
04.04.2014,"14,4703","14,5287","14,6830","14,2944","-0,88%"
07.04.2014,"14,4679","14,4122","14,5812","14,3460","-0,02%"
08.04.2014,"14,4375","14,4586","14,5378","14,2791","-0,21%"
09.04.2014,"14,3792","14,3665","14,5565","14,2818","-0,40%"
10.04.2014,"14,5463","14,3084","14,6126","14,2829","1,16%"
11.04.2014,"14,5695","14,4748","14,6756","14,4178","0,16%"
14.04.2014,"14,5257","14,4521","14,7059","14,4084","-0,30%"
15.04.2014,"14,5938","14,4554","14,6341","14,4065","0,47%"
16.04.2014,"14,5980","14,5661","14,6991","14,4779","0,03%"
17.04.2014,"14,4850","14,5279","14,6872","14,4066","-0,77%"
18.04.2014,"14,5092","14,4128","14,5912","14,4032","0,17%"
21.04.2014,"14,4741","14,4690","14,5838","14,3897","-0,24%"
22.04.2014,"14,5732","14,4266","14,6748","14,3782","0,68%"
23.04.2014,"14,6474","14,5025","14,7070","14,4639","0,51%"
24.04.2014,"14,6639","14,5704","14,8031","14,5111","0,11%"
25.04.2014,"14,7576","14,5920","14,7677","14,5841","0,64%"
28.04.2014,"14,7248","14,6429","14,8117","14,6185","-0,22%"
29.04.2014,"14,5979","14,6455","14,8103","14,4716","-0,86%"
30.04.2014,"14,5928","14,5278","14,7023","14,4733","-0,03%"
01.05.2014,"14,5435","14,5208","14,6766","14,4481","-0,34%"
02.05.2014,"14,5363","14,4726","14,6939","14,3853","-0,05%"
05.05.2014,"14,6344","14,4448","14,7020","14,4161","0,67%"
06.05.2014,"14,6234","14,5622","14,7355","14,4935","-0,08%"
07.05.2014,"14,5422","14,5537","14,7408","14,4685","-0,56%"
08.05.2014,"14,3060","14,4706","14,6334","14,2152","-1,62%"
09.05.2014,"14,2466","14,2974","14,4066","14,1624","-0,42%"
12.05.2014,"14,2495","14,2019","14,3568","14,1444","0,02%"
13.05.2014,"14,1280","14,1787","14,3430","14,0246","-0,85%"
14.05.2014,"14,1141","14,0579","14,2735","14,0123","-0,10%"
15.05.2014,"14,2679","14,1076","14,3911","14,0098","1,09%"
16.05.2014,"14,1806","14,2600","14,3671","14,0949","-0,61%"
19.05.2014,"14,1950","14,1526","14,3929","14,0942","0,10%"
20.05.2014,"14,3196","14,1237","14,4225","14,1237","0,88%"
21.05.2014,"14,1921","14,2501","14,4325","14,0975","-0,89%"
22.05.2014,"14,1026","14,1885","14,2881","14,0082","-0,63%"
23.05.2014,"14,0401","14,0978","14,1564","13,9524","-0,44%"
26.05.2014,"14,1346","14,0370","14,2114","13,9741","0,67%"
27.05.2014,"14,2524","14,1181","14,2944","14,0401","0,83%"
28.05.2014,"14,2195","14,2482","14,3459","14,1658","-0,23%"
29.05.2014,"14,1692","14,2095","14,2835","14,0874","-0,35%"
30.05.2014,"14,4093","14,1617","14,4558","14,1576","1,69%"
02.06.2014,"14,5279","14,4101","14,5569","14,3386","0,82%"
03.06.2014,"14,6653","14,5219","14,7120","14,4572","0,95%"
04.06.2014,"14,6441","14,6586","14,7248","14,5953","-0,14%"
05.06.2014,"14,5984","14,6505","14,6594","14,3421","-0,31%"
06.06.2014,"14,4431","14,5916","14,6338","14,3922","-1,06%"
09.06.2014,"14,4708","14,4425","14,4802","14,3842","0,19%"
10.06.2014,"14,5009","14,4630","14,5724","14,4280","0,21%"
11.06.2014,"14,5555","14,4926","14,6212","14,4598","0,38%"
12.06.2014,"14,4625","14,5465","14,5801","14,4205","-0,64%"
13.06.2014,"14,4478","14,4549","14,6388","14,4298","-0,10%"
16.06.2014,"14,5958","14,4320","14,6051","14,4288","1,02%"
17.06.2014,"14,6839","14,5874","14,6929","14,5317","0,60%"
18.06.2014,"14,4826","14,6807","14,7161","14,4426","-1,37%"
19.06.2014,"14,6265","14,4753","14,6360","14,4633","0,99%"
20.06.2014,"14,4774","14,6191","14,6513","14,4668","-1,02%"
23.06.2014,"14,4207","14,4636","14,5290","14,3422","-0,39%"
24.06.2014,"14,4786","14,4137","14,4898","14,3210","0,40%"
25.06.2014,"14,4392","14,4722","14,5029","14,3766","-0,27%"
26.06.2014,"14,4697","14,4313","14,5389","14,3914","0,21%"
27.06.2014,"14,4529","14,4624","14,5122","14,3973","-0,12%"
30.06.2014,"14,5655","14,4705","14,5842","14,4110","0,78%"
01.07.2014,"14,5959","14,5590","14,6337","14,5229","0,21%"
02.07.2014,"14,6976","14,5862","14,7137","14,5704","0,70%"
03.07.2014,"14,6264","14,6875","14,7841","14,5980","-0,48%"
04.07.2014,"14,6349","14,6185","14,6451","14,5666","0,06%"
07.07.2014,"14,6651","14,6010","14,7258","14,5937","0,21%"
08.07.2014,"14,5448","14,6567","14,6755","14,5012","-0,82%"
09.07.2014,"14,5579","14,5369","14,6015","14,4992","0,09%"
10.07.2014,"14,5546","14,5489","14,6563","14,5197","-0,02%"
11.07.2014,"14,5807","14,5468","14,6165","14,5378","0,18%"
14.07.2014,"14,5452","14,5667","14,6423","14,5262","-0,24%"
15.07.2014,"14,5383","14,5380","14,6128","14,4564","-0,05%"
16.07.2014,"14,4491","14,5305","14,5572","14,4150","-0,61%"
17.07.2014,"14,5577","14,4420","14,5656","14,3933","0,75%"
18.07.2014,"14,3986","14,5472","14,5599","14,3703","-1,09%"
21.07.2014,"14,3393","14,3998","14,4349","14,3229","-0,41%"
22.07.2014,"14,2317","14,3357","14,3733","14,2211","-0,75%"
23.07.2014,"14,1497","14,2234","14,2490","14,1061","-0,58%"
24.07.2014,"14,1735","14,1493","14,2013","14,0927","0,17%"
25.07.2014,"14,1198","14,1664","14,2030","14,0827","-0,38%"
28.07.2014,"14,1974","14,1049","14,2318","14,0803","0,55%"
29.07.2014,"14,2169","14,1898","14,2801","14,1730","0,14%"
30.07.2014,"14,2959","14,2091","14,3430","14,1645","0,56%"
31.07.2014,"14,3349","14,2882","14,3739","14,2556","0,27%"
01.08.2014,"14,3420","14,3285","14,4384","14,2801","0,05%"
04.08.2014,"14,3027","14,3045","14,3752","14,2738","-0,27%"
05.08.2014,"14,3643","14,2950","14,4193","14,2298","0,43%"
06.08.2014,"14,3193","14,3565","14,4602","14,2833","-0,31%"
07.08.2014,"14,3921","14,3120","14,4246","14,2770","0,51%"
08.08.2014,"14,2948","14,3811","14,5036","14,2795","-0,68%"
11.08.2014,"14,2263","14,2978","14,3525","14,2083","-0,48%"
12.08.2014,"14,2077","14,2197","14,2675","14,1706","-0,13%"
13.08.2014,"14,1260","14,2004","14,2253","14,1140","-0,58%"
14.08.2014,"14,0980","14,1174","14,1951","14,0813","-0,20%"
15.08.2014,"14,1936","14,0925","14,2399","14,0696","0,68%"
18.08.2014,"14,1694","14,1955","14,2356","14,1486","-0,17%"
19.08.2014,"14,1824","14,1617","14,2189","14,1051","0,09%"
20.08.2014,"14,2358","14,1753","14,2562","14,1541","0,38%"
21.08.2014,"14,2217","14,2276","14,2484","14,1513","-0,10%"
22.08.2014,"14,1648","14,2140","14,2500","14,1236","-0,40%"
25.08.2014,"14,1252","14,0860","14,1664","14,0817","-0,28%"
26.08.2014,"14,0638","14,1196","14,1546","14,0514","-0,43%"
27.08.2014,"13,9971","14,0551","14,0802","13,9789","-0,47%"
28.08.2014,"14,0042","13,9895","14,0868","13,9820","0,05%"
29.08.2014,"14,0052","13,9929","14,0516","13,9441","0,01%"
01.09.2014,"14,0155","13,9942","14,0439","13,9689","0,07%"
02.09.2014,"14,1048","14,0102","14,1166","13,9953","0,64%"
03.09.2014,"14,0539","14,0957","14,1138","14,0140","-0,36%"
04.09.2014,"13,8915","14,0419","14,0574","13,7798","-1,16%"
05.09.2014,"13,8490","13,8824","13,9376","13,8204","-0,31%"
08.09.2014,"13,9384","13,8334","13,9760","13,8185","0,65%"
09.09.2014,"14,1349","13,9315","14,1727","13,8940","1,41%"
10.09.2014,"14,1151","14,1257","14,2552","14,0892","-0,14%"
11.09.2014,"14,1707","14,1107","14,2138","14,0897","0,39%"
12.09.2014,"14,2913","14,1664","14,2924","14,1528","0,85%"
15.09.2014,"14,1887","14,2959","14,3379","14,1779","-0,72%"
16.09.2014,"14,1296","14,1829","14,2337","14,0928","-0,42%"
17.09.2014,"14,1862","14,1221","14,2323","14,1077","0,40%"
18.09.2014,"14,3167","14,1804","14,3554","14,1233","0,92%"
19.09.2014,"14,2139","14,3092","14,3453","14,1318","-0,72%"
22.09.2014,"14,3573","14,2042","14,3645","14,1988","1,01%"
23.09.2014,"14,3552","14,3498","14,3769","14,2767","-0,01%"
24.09.2014,"14,2218","14,3466","14,3657","14,2132","-0,93%"
25.09.2014,"14,2880","14,2143","14,2993","14,1988","0,47%"
26.09.2014,"14,2428","14,2817","14,2967","14,2101","-0,32%"
29.09.2014,"14,3080","14,2365","14,3735","14,1968","0,46%"
30.09.2014,"14,2552","14,3001","14,3186","14,1621","-0,37%"
01.10.2014,"14,2228","14,2473","14,3185","14,1560","-0,23%"
02.10.2014,"14,1698","14,2138","14,2443","14,0932","-0,37%"
03.10.2014,"14,2008","14,1623","14,2552","14,1335","0,22%"
06.10.2014,"14,1889","14,1832","14,2363","14,1043","-0,08%"
07.10.2014,"14,1745","14,1820","14,2010","14,0890","-0,10%"
08.10.2014,"14,0584","14,1641","14,2063","14,0365","-0,82%"
09.10.2014,"14,0382","14,0498","14,1280","13,9883","-0,14%"
10.10.2014,"14,0411","14,0320","14,1170","13,9765","0,02%"
13.10.2014,"14,0812","14,0437","14,1012","13,9482","0,29%"
14.10.2014,"13,9927","14,0737","14,0988","13,9491","-0,63%"
15.10.2014,"14,2170","13,9852","14,3075","13,9469","1,60%"
16.10.2014,"14,2351","14,2083","14,3258","14,1449","0,13%"
17.10.2014,"14,1414","14,2259","14,2556","14,1222","-0,66%"
20.10.2014,"14,1032","14,1290","14,1653","14,0663","-0,27%"
21.10.2014,"14,0478","14,0979","14,1378","13,9584","-0,39%"
22.10.2014,"13,9146","14,0426","14,0702","13,8858","-0,95%"
23.10.2014,"13,8827","13,9071","13,9326","13,8247","-0,23%"
24.10.2014,"13,8520","13,8779","13,9193","13,8335","-0,22%"
27.10.2014,"13,8918","13,8572","13,9381","13,8495","0,29%"
28.10.2014,"13,8131","13,8861","13,9291","13,7983","-0,57%"
29.10.2014,"13,8314","13,8075","13,8775","13,7790","0,13%"
30.10.2014,"13,7094","13,8234","13,8436","13,6829","-0,88%"
31.10.2014,"13,8264","13,7026","13,8817","13,6042","0,85%"
03.11.2014,"13,8256","13,8097","13,8665","13,7448","-0,01%"
04.11.2014,"13,8435","13,8177","13,9143","13,7827","0,13%"
05.11.2014,"13,9183","13,8366","13,9771","13,8305","0,54%"
06.11.2014,"13,9346","13,9115","13,9977","13,7919","0,12%"
07.11.2014,"14,0237","13,9262","14,0914","13,9115","0,64%"
10.11.2014,"14,0034","14,0142","14,0530","13,9431","-0,14%"
11.11.2014,"13,9970","13,9973","14,0616","13,9593","-0,05%"
12.11.2014,"13,9259","13,9907","14,0322","13,8988","-0,51%"
13.11.2014,"13,9886","13,9185","14,0200","13,9037","0,45%"
14.11.2014,"13,8735","13,9814","14,0008","13,8589","-0,82%"
17.11.2014,"13,8597","13,8702","13,9487","13,8286","-0,10%"
18.11.2014,"13,8333","13,8530","13,9068","13,7494","-0,19%"
19.11.2014,"13,8816","13,8260","13,9173","13,7843","0,35%"
20.11.2014,"13,7477","13,8748","13,9158","13,7186","-0,96%"
21.11.2014,"13,5843","13,7404","13,7689","13,5390","-1,19%"
24.11.2014,"13,7142","13,5629","13,7431","13,5400","0,96%"
25.11.2014,"13,6801","13,7074","13,7572","13,6232","-0,25%"
26.11.2014,"13,6990","13,6740","13,7300","13,6444","0,14%"
27.11.2014,"13,6837","13,6917","13,7271","13,6525","-0,11%"
28.11.2014,"13,7975","13,6764","13,8159","13,6675","0,83%"
01.12.2014,"13,7064","13,7957","13,8758","13,6844","-0,66%"
02.12.2014,"13,7767","13,6991","13,8227","13,6789","0,51%"
03.12.2014,"13,8142","13,7683","13,8501","13,7314","0,27%"
04.12.2014,"13,8620","13,8080","13,9331","13,7338","0,35%"
05.12.2014,"13,9512","13,8592","13,9974","13,8074","0,64%"
08.12.2014,"14,2157","13,9362","14,2633","13,9191","1,90%"
09.12.2014,"14,1753","14,2090","14,2754","14,1304","-0,28%"
10.12.2014,"14,3637","14,1671","14,4312","14,1365","1,33%"
11.12.2014,"14,4371","14,3552","14,5039","14,2778","0,51%"
12.12.2014,"14,4690","14,4340","14,6155","14,3622","0,22%"
15.12.2014,"14,6259","14,4622","14,7265","14,3449","1,08%"
16.12.2014,"14,5884","14,6167","14,7784","14,4648","-0,26%"
17.12.2014,"14,3407","14,5805","14,6666","14,2520","-1,70%"
18.12.2014,"14,2303","14,3322","14,4063","14,1071","-0,77%"
19.12.2014,"14,1506","14,2230","14,3021","14,1268","-0,56%"
22.12.2014,"14,1544","14,1466","14,1555","14,1466","0,03%"
23.12.2014,"14,1779","14,1477","14,2027","14,1309","0,17%"
24.12.2014,"14,1944","14,1701","14,2847","14,1359","0,12%"
25.12.2014,"14,1981","14,1877","14,2720","14,1622","0,03%"
26.12.2014,"14,1249","14,1929","14,2306","14,0891","-0,52%"
29.12.2014,"14,1242","14,1300","14,2041","14,1042","-0,00%"
30.12.2014,"14,0602","14,1171","14,1865","14,0312","-0,45%"
31.12.2014,"13,9992","14,0500","14,1134","13,9564","-0,43%"
01.01.2015,"13,9771","13,9925","14,0101","13,9559","-0,16%"
02.01.2015,"14,0472","13,9715","14,1133","13,9347","0,50%"
05.01.2015,"13,9717","14,0400","14,0547","13,8984","-0,54%"
06.01.2015,"13,9268","13,9640","14,0319","13,8920","-0,32%"
07.01.2015,"13,8265","13,9232","13,9537","13,8138","-0,72%"
08.01.2015,"13,6622","13,8194","13,8471","13,6235","-1,19%"
09.01.2015,"13,6130","13,6557","13,7467","13,5465","-0,36%"
12.01.2015,"13,6387","13,6019","13,6579","13,5497","0,19%"
13.01.2015,"13,5749","13,6320","13,6520","13,5236","-0,47%"
14.01.2015,"13,4925","13,5696","13,7188","13,4617","-0,61%"
15.01.2015,"13,4496","13,4860","13,5427","13,2997","-0,32%"
16.01.2015,"13,3616","13,4443","13,4755","13,2850","-0,65%"
19.01.2015,"13,5094","13,3333","13,5728","13,3275","1,11%"
20.01.2015,"13,3859","13,5024","13,5292","13,3553","-0,91%"
21.01.2015,"13,3681","13,3807","13,4541","13,2863","-0,13%"
22.01.2015,"12,9579","13,3642","13,4349","12,8935","-3,07%"
23.01.2015,"12,7937","12,9504","12,9818","12,6655","-1,27%"
26.01.2015,"12,8821","12,7626","12,9623","12,6645","0,69%"
27.01.2015,"13,1866","12,8742","13,1991","12,8536","2,36%"
28.01.2015,"13,0726","13,1797","13,1912","13,0086","-0,86%"
29.01.2015,"13,0797","13,0647","13,2209","13,0391","0,05%"
30.01.2015,"13,1475","13,0734","13,2337","13,0520","0,52%"
02.02.2015,"13,0439","13,1362","13,1948","13,0157","-0,79%"
03.02.2015,"13,0660","13,0376","13,1159","12,9621","0,17%"
04.02.2015,"13,0206","13,0579","13,1234","12,9806","-0,35%"
05.02.2015,"12,9346","13,0110","13,0834","12,8605","-0,66%"
06.02.2015,"13,0275","12,9266","13,0791","12,8434","0,72%"
09.02.2015,"13,1183","13,0204","13,1682","12,9847","0,70%"
10.02.2015,"13,2266","13,1109","13,2736","13,0646","0,83%"
11.02.2015,"13,3962","13,2206","13,4568","13,2020","1,28%"
12.02.2015,"13,3558","13,3899","13,4571","13,3131","-0,30%"
13.02.2015,"13,2863","13,3477","13,4454","13,2413","-0,52%"
16.02.2015,"13,2251","13,2802","13,3493","13,1787","-0,46%"
17.02.2015,"13,3236","13,2166","13,3396","13,1822","0,74%"
18.02.2015,"13,2200","13,3155","13,3798","13,1890","-0,78%"
19.02.2015,"13,2744","13,2125","13,3083","13,1827","0,41%"
20.02.2015,"13,2258","13,2693","13,2974","13,1302","-0,37%"
23.02.2015,"13,1865","13,2220","13,3119","13,1702","-0,30%"
24.02.2015,"13,0178","13,1837","13,2310","12,9967","-1,28%"
25.02.2015,"13,0092","13,0104","13,0817","12,9605","-0,07%"
26.02.2015,"12,9163","13,0009","13,0442","12,8632","-0,71%"
27.02.2015,"13,0629","12,9096","13,1159","12,8697","1,13%"
02.03.2015,"13,1670","13,0462","13,1964","13,0031","0,80%"
03.03.2015,"13,1385","13,1578","13,2027","13,0831","-0,22%"
04.03.2015,"13,0904","13,1317","13,1726","13,0371","-0,37%"
05.03.2015,"13,0664","13,0825","13,0963","12,9354","-0,18%"
06.03.2015,"13,0562","13,0615","13,1562","12,8503","-0,08%"
09.03.2015,"13,1204","13,0334","13,1777","13,0141","0,49%"
10.03.2015,"13,2313","13,1156","13,2435","13,0769","0,85%"
11.03.2015,"12,9502","13,2247","13,2447","12,9007","-2,12%"
12.03.2015,"13,0796","12,9436","13,0915","12,8712","1,00%"
13.03.2015,"13,0968","13,0747","13,2202","12,9952","0,13%"
16.03.2015,"13,1013","13,0877","13,1847","13,0295","0,03%"
17.03.2015,"13,0966","13,0929","13,2066","13,0712","-0,04%"
18.03.2015,"13,1066","13,0894","13,2242","13,0117","0,08%"
19.03.2015,"13,1241","13,0967","13,1796","12,9718","0,13%"
20.03.2015,"13,0026","13,1180","13,1561","12,9585","-0,93%"
23.03.2015,"13,0282","13,0140","13,1253","12,9764","0,20%"
24.03.2015,"12,8944","13,0224","13,1115","12,8568","-1,03%"
25.03.2015,"13,0046","12,8855","13,0472","12,8645","0,85%"
26.03.2015,"13,0578","12,9960","13,1485","12,9650","0,41%"
27.03.2015,"13,1152","13,0548","13,1544","12,9805","0,44%"
30.03.2015,"13,1684","13,1090","13,1791","13,0605","0,41%"
31.03.2015,"13,0173","13,1617","13,1700","12,9871","-1,15%"
01.04.2015,"12,9023","13,0143","13,0794","12,8661","-0,88%"
02.04.2015,"13,0020","12,8945","13,0568","12,8885","0,77%"
03.04.2015,"12,9519","12,9935","13,1502","12,9171","-0,39%"
06.04.2015,"12,9006","12,9592","12,9878","12,8463","-0,40%"
07.04.2015,"12,8517","12,8910","12,9334","12,7880","-0,38%"
08.04.2015,"12,7399","12,8453","12,8802","12,7149","-0,87%"
09.04.2015,"12,7370","12,7339","12,7638","12,6626","-0,02%"
10.04.2015,"12,7198","12,7310","12,7696","12,6661","-0,14%"
13.04.2015,"12,8275","12,7097","12,8666","12,6881","0,85%"
14.04.2015,"12,7931","12,8191","12,8496","12,7617","-0,27%"
15.04.2015,"12,8911","12,7889","12,9459","12,7551","0,77%"
16.04.2015,"12,8750","12,8826","12,9639","12,7960","-0,12%"
17.04.2015,"13,0408","12,8679","13,0625","12,8497","1,29%"
20.04.2015,"13,0324","13,0511","13,0643","12,9063","-0,06%"
21.04.2015,"13,0116","13,0228","13,0595","12,9332","-0,16%"
22.04.2015,"13,1098","13,0057","13,1351","12,9582","0,75%"
23.04.2015,"13,1515","13,1014","13,2149","13,0563","0,32%"
24.04.2015,"13,1852","13,1424","13,2805","13,1069","0,26%"
27.04.2015,"13,0727","13,1750","13,1974","13,0264","-0,85%"
28.04.2015,"13,0301","13,0715","13,1015","12,9434","-0,33%"
29.04.2015,"13,1212","13,0234","13,1409","12,9567","0,70%"
30.04.2015,"13,3718","13,1158","13,4251","13,0670","1,91%"
01.05.2015,"13,5096","13,3631","13,5458","13,3192","1,03%"
04.05.2015,"13,4418","13,5046","13,5359","13,3752","-0,50%"
05.05.2015,"13,4025","13,4364","13,4758","13,3349","-0,29%"
06.05.2015,"13,6435","13,3945","13,6503","13,3772","1,80%"
07.05.2015,"13,5367","13,6299","13,8043","13,5091","-0,78%"
08.05.2015,"13,3625","13,5293","13,6200","13,3479","-1,29%"
11.05.2015,"13,4768","13,3260","13,4792","13,2907","0,86%"
12.05.2015,"13,5320","13,4745","13,6991","13,4468","0,41%"
13.05.2015,"13,5012","13,5246","13,5758","13,4029","-0,23%"
14.05.2015,"13,4477","13,4950","13,6014","13,3981","-0,40%"
15.05.2015,"13,5071","13,4397","13,5104","13,3879","0,44%"
18.05.2015,"13,4405","13,4996","13,5397","13,4063","-0,49%"
19.05.2015,"13,2790","13,4331","13,4649","13,2305","-1,20%"
20.05.2015,"13,1274","13,2728","13,3066","13,1168","-1,14%"
21.05.2015,"13,1366","13,1207","13,2112","13,0464","0,07%"
22.05.2015,"13,1053","13,1311","13,2197","13,0478","-0,24%"
25.05.2015,"13,1296","13,0837","13,1471","13,0536","0,19%"
26.05.2015,"13,1407","13,1236","13,1649","13,0336","0,08%"
27.05.2015,"13,1133","13,1322","13,1996","13,0995","-0,21%"
28.05.2015,"13,2921","13,1065","13,3163","13,0759","1,36%"
29.05.2015,"13,3564","13,2830","13,3739","13,2664","0,48%"
01.06.2015,"13,3999","13,3288","13,4390","13,2793","0,33%"
02.06.2015,"13,6114","13,3925","13,6724","13,3631","1,58%"
03.06.2015,"13,8759","13,6028","13,8939","13,5647","1,94%"
04.06.2015,"13,9141","13,8721","14,0896","13,8342","0,28%"
05.06.2015,"13,9807","13,9067","14,0278","13,7995","0,48%"
08.06.2015,"14,0877","13,9739","14,1593","13,9337","0,77%"
09.06.2015,"14,0249","14,0820","14,1638","13,9470","-0,45%"
10.06.2015,"13,9428","14,0203","14,0854","13,8888","-0,59%"
11.06.2015,"13,9040","13,9346","14,0281","13,8490","-0,28%"
12.06.2015,"13,9527","13,8960","14,0336","13,8535","0,35%"
15.06.2015,"13,9932","13,8919","14,0267","13,8721","0,29%"
16.06.2015,"13,9126","13,9870","14,1149","13,8877","-0,58%"
17.06.2015,"13,9061","13,9080","14,0595","13,8706","-0,05%"
18.06.2015,"13,9111","13,8995","13,9888","13,8392","0,04%"
19.06.2015,"13,8081","13,9060","13,9519","13,7519","-0,74%"
22.06.2015,"13,7218","13,8048","13,8602","13,7002","-0,62%"
23.06.2015,"13,5945","13,7151","13,7414","13,5680","-0,93%"
24.06.2015,"13,6191","13,5893","13,6744","13,5463","0,18%"
25.06.2015,"13,5625","13,6111","13,6400","13,4892","-0,42%"
26.06.2015,"13,6253","13,5575","13,6803","13,5310","0,46%"
29.06.2015,"13,7535","13,4599","13,7931","13,4112","0,94%"
30.06.2015,"13,5542","13,7470","13,7886","13,4871","-1,45%"
01.07.2015,"13,5377","13,5493","13,6093","13,4991","-0,12%"
02.07.2015,"13,5769","13,5304","13,7289","13,5167","0,29%"
03.07.2015,"13,6930","13,5724","13,7352","13,5148","0,86%"
06.07.2015,"13,7018","13,5471","13,7784","13,5187","0,06%"
07.07.2015,"13,7137","13,6926","13,7604","13,6013","0,09%"
08.07.2015,"13,9326","13,7050","13,9358","13,6679","1,60%"
09.07.2015,"13,8097","13,9240","13,9436","13,7280","-0,88%"
10.07.2015,"13,9003","13,8015","13,9346","13,7383","0,66%"
13.07.2015,"13,6999","13,8162","13,9494","13,6663","-1,44%"
14.07.2015,"13,5701","13,6929","13,7311","13,5538","-0,95%"
15.07.2015,"13,5961","13,5640","13,6612","13,5517","0,19%"
16.07.2015,"13,4743","13,5888","13,6085","13,4457","-0,90%"
17.07.2015,"13,3841","13,4681","13,5174","13,3626","-0,67%"
20.07.2015,"13,4639","13,3817","13,5245","13,3768","0,60%"
21.07.2015,"13,4835","13,4548","13,5274","13,4114","0,15%"
22.07.2015,"13,5679","13,4755","13,5696","13,4358","0,63%"
23.07.2015,"13,6672","13,5544","13,7107","13,5378","0,73%"
24.07.2015,"13,8654","13,6615","13,8976","13,6357","1,45%"
27.07.2015,"14,0000","13,8435","14,0506","13,8304","0,97%"
28.07.2015,"13,9018","13,9914","14,0412","13,8114","-0,70%"
29.07.2015,"13,7671","13,8967","13,9334","13,7561","-0,97%"
30.07.2015,"13,8851","13,7604","13,9522","13,7566","0,86%"
31.07.2015,"13,9268","13,8781","14,0230","13,8629","0,30%"
03.08.2015,"13,8912","13,8976","13,9845","13,8764","-0,26%"
04.08.2015,"13,8610","13,8876","13,9446","13,8269","-0,22%"
05.08.2015,"13,9558","13,8520","13,9677","13,8175","0,68%"
06.08.2015,"13,8939","13,9533","13,9686","13,8702","-0,44%"
07.08.2015,"13,8483","13,8935","13,9387","13,7486","-0,33%"
10.08.2015,"13,9581","13,8413","13,9781","13,8319","0,79%"
11.08.2015,"14,1225","13,9481","14,1738","13,9199","1,18%"
12.08.2015,"14,2329","14,1150","14,3186","14,0945","0,78%"
13.08.2015,"14,2813","14,2267","14,3072","14,1627","0,34%"
14.08.2015,"14,2453","14,2761","14,3696","14,1988","-0,25%"
17.08.2015,"14,2979","14,2384","14,3517","14,2132","0,37%"
18.08.2015,"14,2188","14,2890","14,3490","14,2094","-0,55%"
19.08.2015,"14,3279","14,2119","14,3621","14,1984","0,77%"
20.08.2015,"14,5421","14,3191","14,5473","14,2928","1,49%"
21.08.2015,"14,7722","14,5389","14,7772","14,4928","1,58%"
24.08.2015,"15,3788","14,7301","15,6374","14,7301","4,11%"
25.08.2015,"15,1969","15,3647","15,3853","14,7960","-1,18%"
26.08.2015,"14,8554","15,1778","15,2634","14,7717","-2,25%"
27.08.2015,"14,7853","14,8429","14,9415","14,6490","-0,47%"
28.08.2015,"14,8737","14,7652","14,9492","14,7340","0,60%"
31.08.2015,"14,8914","14,8446","15,0461","14,8157","0,12%"
01.09.2015,"15,2152","14,8643","15,2283","14,8313","2,17%"
02.09.2015,"15,0943","15,1993","15,2451","15,0359","-0,79%"
03.09.2015,"15,0879","15,0818","15,3380","14,9905","-0,04%"
04.09.2015,"15,4436","15,0706","15,5184","15,0599","2,36%"
07.09.2015,"15,5986","15,4203","15,6612","15,4163","1,00%"
08.09.2015,"15,3709","15,5952","15,7188","15,2918","-1,46%"
09.09.2015,"15,4550","15,3534","15,4838","15,1223","0,55%"
10.09.2015,"15,4004","15,4425","15,6954","15,2798","-0,35%"
11.09.2015,"15,3985","15,3928","15,4881","15,2481","-0,01%"
14.09.2015,"15,2657","15,3509","15,4628","15,2342","-0,86%"
15.09.2015,"15,1746","15,2499","15,3391","15,1370","-0,60%"
16.09.2015,"14,9777","15,1571","15,2367","14,9449","-1,30%"
17.09.2015,"15,2702","14,9601","15,2929","14,9527","1,95%"
18.09.2015,"15,0651","15,2510","15,2786","15,0163","-1,34%"
21.09.2015,"15,0716","15,0393","15,1606","14,9691","0,04%"
22.09.2015,"15,2093","15,0531","15,3292","14,9760","0,91%"
23.09.2015,"15,5090","15,1899","15,5519","15,1543","1,97%"
24.09.2015,"15,5466","15,4999","15,8879","15,4588","0,24%"
25.09.2015,"15,5755","15,5340","15,6265","15,2598","0,19%"
28.09.2015,"15,8192","15,5566","15,8501","15,4046","1,56%"
29.09.2015,"15,7189","15,8123","15,9884","15,5659","-0,63%"
30.09.2015,"15,4864","15,6964","15,7710","15,3963","-1,48%"
01.10.2015,"15,5859","15,4669","15,6240","15,2730","0,64%"
02.10.2015,"15,3929","15,5663","15,8685","15,3638","-1,24%"
05.10.2015,"15,2264","15,3905","15,4893","15,1779","-1,08%"
06.10.2015,"15,2371","15,2144","15,4220","15,1614","0,07%"
07.10.2015,"15,1295","15,2180","15,2886","14,9559","-0,71%"
08.10.2015,"15,0112","15,1232","15,3053","14,9822","-0,78%"
09.10.2015,"15,1654","14,9929","15,2109","14,9548","1,03%"
12.10.2015,"15,1253","15,1431","15,2258","15,0568","-0,26%"
13.10.2015,"15,4326","15,1076","15,4462","15,1018","2,03%"
14.10.2015,"15,1874","15,4107","15,4517","15,1466","-1,59%"
15.10.2015,"14,8534","15,1810","15,1996","14,8104","-2,20%"
16.10.2015,"14,8428","14,8350","14,9668","14,8075","-0,07%"
19.10.2015,"15,0511","14,8461","15,0741","14,7585","1,40%"
20.10.2015,"15,0882","15,0334","15,1293","14,9683","0,25%"
21.10.2015,"15,3399","15,0659","15,3803","15,0111","1,67%"
22.10.2015,"14,8888","15,3189","15,4024","14,8567","-2,94%"
23.10.2015,"15,0235","14,8728","15,0971","14,7772","0,90%"
26.10.2015,"15,0799","15,0036","15,1272","14,9248","0,38%"
27.10.2015,"15,1091","15,0627","15,2313","15,0352","0,19%"
28.10.2015,"14,9753","15,0946","15,1736","14,9172","-0,89%"
29.10.2015,"15,2513","14,9678","15,2783","14,9492","1,84%"
30.10.2015,"15,2149","15,2443","15,3337","15,1459","-0,24%"
02.11.2015,"15,1857","15,1965","15,2774","15,1267","-0,19%"
03.11.2015,"15,0694","15,1767","15,2814","15,0275","-0,77%"
04.11.2015,"15,1692","15,0504","15,1874","15,0070","0,66%"
05.11.2015,"15,1172","15,1582","15,2352","15,0685","-0,34%"
06.11.2015,"15,2077","15,1076","15,2709","15,0330","0,60%"
09.11.2015,"15,3720","15,1892","15,4375","15,1141","1,08%"
10.11.2015,"15,3026","15,3659","15,4353","15,2270","-0,45%"
11.11.2015,"15,2054","15,2950","15,3459","15,1781","-0,64%"
12.11.2015,"15,4804","15,1987","15,4941","15,1330","1,81%"
13.11.2015,"15,5245","15,4685","15,5260","15,3598","0,28%"
16.11.2015,"15,2965","15,4750","15,5144","15,2708","-1,47%"
17.11.2015,"15,1923","15,2918","15,3927","15,1341","-0,68%"
18.11.2015,"15,1016","15,1820","15,2635","15,0549","-0,60%"
19.11.2015,"15,0598","15,0899","15,2068","14,9875","-0,28%"
20.11.2015,"14,8538","15,0430","15,0884","14,8203","-1,37%"
23.11.2015,"14,9817","14,8338","14,9934","14,8157","0,86%"
24.11.2015,"14,9440","14,9721","15,0947","14,8535","-0,25%"
25.11.2015,"15,0100","14,9387","15,0500","14,8632","0,44%"
26.11.2015,"15,1622","15,0040","15,1847","14,9600","1,01%"
27.11.2015,"15,2604","15,1555","15,2889","15,0905","0,65%"
30.11.2015,"15,2688","15,2440","15,3162","15,1701","0,06%"
01.12.2015,"15,3482","15,2657","15,4145","15,1820","0,52%"
02.12.2015,"15,2325","15,3302","15,3920","15,1554","-0,75%"
03.12.2015,"15,7142","15,2243","15,7498","15,1105","3,16%"
04.12.2015,"15,6105","15,7095","15,7674","15,5394","-0,66%"
07.12.2015,"15,7550","15,5735","15,8158","15,5685","0,93%"
08.12.2015,"15,9022","15,7488","16,0173","15,7006","0,93%"
09.12.2015,"16,5160","15,9015","16,8184","15,8680","3,86%"
10.12.2015,"16,9211","16,5112","16,9481","16,3596","2,45%"
11.12.2015,"17,4513","16,9149","17,6298","16,8056","3,13%"
14.12.2015,"16,6061","17,4377","17,4653","16,3779","-4,84%"
15.12.2015,"16,3137","16,5895","16,7386","16,2001","-1,76%"
16.12.2015,"16,3087","16,3134","16,5320","16,2141","-0,03%"
17.12.2015,"16,4883","16,2932","16,5826","16,1353","1,10%"
18.12.2015,"16,4088","16,4724","16,5597","16,2400","-0,48%"
21.12.2015,"16,4794","16,3843","16,5308","16,2649","0,43%"
22.12.2015,"16,6081","16,4590","16,6969","16,4257","0,78%"
23.12.2015,"16,5966","16,6024","16,6966","16,5042","-0,07%"
24.12.2015,"16,7568","16,5904","16,7802","16,5571","0,97%"
25.12.2015,"16,7800","16,7505","16,7831","16,6644","0,14%"
28.12.2015,"16,7907","16,7206","16,8370","16,6032","0,06%"
29.12.2015,"16,7065","16,7727","16,8313","16,6505","-0,50%"
30.12.2015,"17,0014","16,6894","17,0496","16,6716","1,77%"
31.12.2015,"16,8083","16,9747","17,0878","16,7614","-1,14%"
01.01.2016,"16,8015","16,7912","16,8094","16,7525","-0,04%"
04.01.2016,"16,8584","16,7926","17,1399","16,7451","0,34%"
05.01.2016,"16,8058","16,8382","16,9142","16,7097","-0,31%"
06.01.2016,"17,0981","16,7946","17,1369","16,7774","1,74%"
07.01.2016,"17,5810","17,0767","17,6100","17,0611","2,82%"
08.01.2016,"17,8372","17,5683","17,8428","17,2529","1,46%"
11.01.2016,"18,2249","17,8021","19,0003","17,7828","2,17%"
12.01.2016,"18,1025","18,2019","18,4710","17,8280","-0,67%"
13.01.2016,"18,0219","18,0817","18,1286","17,7051","-0,45%"
14.01.2016,"17,8714","18,0128","18,2523","17,7629","-0,84%"
15.01.2016,"18,3513","17,8586","18,4978","17,8209","2,69%"
18.01.2016,"18,3803","18,3479","18,5426","18,1231","0,16%"
19.01.2016,"18,3082","18,3675","18,4113","18,0091","-0,39%"
20.01.2016,"18,2533","18,2847","18,6034","18,2049","-0,30%"
21.01.2016,"18,0115","18,2370","18,4429","17,8491","-1,32%"
22.01.2016,"17,7799","17,9952","18,0649","17,7127","-1,29%"
25.01.2016,"17,9475","17,7611","17,9761","17,6756","0,94%"
26.01.2016,"17,8169","17,9279","18,1022","17,6996","-0,73%"
27.01.2016,"17,9167","17,7965","18,0091","17,6975","0,56%"
28.01.2016,"17,7257","17,8938","17,9702","17,6168","-1,07%"
29.01.2016,"17,2203","17,7063","17,7693","17,1677","-2,85%"
01.02.2016,"17,3178","17,1495","17,5877","17,1418","0,57%"
02.02.2016,"17,7017","17,3116","17,7217","17,2792","2,22%"
03.02.2016,"17,6876","17,6912","18,0913","17,5924","-0,08%"
04.02.2016,"17,7777","17,6789","17,9163","17,6080","0,51%"
05.02.2016,"17,8851","17,7577","17,8957","17,6428","0,60%"
08.02.2016,"18,0878","17,8725","18,1765","17,7101","1,13%"
09.02.2016,"18,1474","18,0782","18,3116","17,9525","0,33%"
10.02.2016,"17,9346","18,1272","18,2023","17,5889","-1,17%"
11.02.2016,"17,9837","17,9161","18,2317","17,7070","0,27%"
12.02.2016,"17,8845","17,9693","18,0235","17,6678","-0,55%"
15.02.2016,"17,5390","17,8231","17,8790","17,4913","-1,93%"
16.02.2016,"17,6026","17,5194","17,7184","17,4783","0,36%"
17.02.2016,"17,2190","17,5811","17,7327","17,1650","-2,18%"
18.02.2016,"17,1159","17,2030","17,3296","16,8732","-0,60%"
19.02.2016,"17,1449","17,0906","17,2607","17,0389","0,17%"
22.02.2016,"16,7573","17,1371","17,1931","16,6901","-2,26%"
23.02.2016,"16,7877","16,7355","16,9093","16,5481","0,18%"
24.02.2016,"17,1786","16,7659","17,4070","16,7143","2,33%"
25.02.2016,"17,1760","17,1725","17,3834","17,0632","-0,02%"
26.02.2016,"17,6790","17,1493","17,8465","17,1065","2,93%"
29.02.2016,"17,2563","17,6506","17,7747","17,0885","-2,39%"
01.03.2016,"16,9404","17,2360","17,3117","16,8217","-1,83%"
02.03.2016,"16,8978","16,9226","17,1315","16,8320","-0,25%"
03.03.2016,"17,1580","16,8861","17,2439","16,8575","1,54%"
04.03.2016,"16,8967","17,1358","17,2554","16,7524","-1,52%"
07.03.2016,"16,7975","16,9250","16,9336","16,7165","-0,59%"
08.03.2016,"16,9638","16,7889","17,0831","16,7652","0,99%"
09.03.2016,"16,7321","16,9552","17,0374","16,6691","-1,37%"
10.03.2016,"17,1964","16,7147","17,3428","16,2809","2,77%"
11.03.2016,"16,9828","17,1764","17,2612","16,7817","-1,24%"
14.03.2016,"17,2450","16,9969","17,3246","16,8799","1,54%"
15.03.2016,"17,6900","17,2175","17,8108","17,2058","2,58%"
16.03.2016,"17,5816","17,6813","18,0151","17,5121","-0,61%"
17.03.2016,"17,1681","17,5713","17,7004","17,0438","-2,35%"
18.03.2016,"17,1952","17,1681","17,3824","17,0964","0,16%"
21.03.2016,"17,1076","17,2005","17,3942","17,0397","-0,51%"
22.03.2016,"17,0680","17,1122","17,2487","17,0176","-0,23%"
23.03.2016,"17,1764","17,0761","17,2469","17,0392","0,64%"
24.03.2016,"17,2736","17,1684","17,4048","17,1433","0,57%"
25.03.2016,"17,2568","17,2686","17,3534","17,2214","-0,10%"
28.03.2016,"17,2963","17,3066","17,5393","17,2100","0,23%"
29.03.2016,"17,1273","17,2835","17,4373","17,0368","-0,98%"
30.03.2016,"16,9340","17,1386","17,2084","16,8288","-1,13%"
31.03.2016,"16,8068","16,9227","16,9591","16,6498","-0,75%"
01.04.2016,"16,7312","16,8053","16,9692","16,6576","-0,45%"
04.04.2016,"16,8372","16,6778","16,8805","16,6489","0,63%"
05.04.2016,"17,1797","16,8486","17,3001","16,8198","2,03%"
06.04.2016,"17,1944","17,1740","17,4353","17,0217","0,09%"
07.04.2016,"17,3571","17,1871","17,4071","17,1507","0,95%"
08.04.2016,"17,0795","17,3593","17,3794","17,0005","-1,60%"
11.04.2016,"16,8123","17,0809","17,1282","16,7290","-1,56%"
12.04.2016,"16,7416","16,8065","16,8660","16,6948","-0,42%"
13.04.2016,"16,3855","16,7398","16,8038","16,3642","-2,13%"
14.04.2016,"16,3947","16,3743","16,5552","16,3010","0,06%"
15.04.2016,"16,4389","16,4047","16,5833","16,2856","0,27%"
18.04.2016,"16,3952","16,4651","16,6788","16,3581","-0,27%"
19.04.2016,"16,1984","16,3838","16,4125","16,1337","-1,20%"
20.04.2016,"16,0506","16,2166","16,3470","16,0158","-0,91%"
21.04.2016,"16,1678","16,0506","16,2570","16,0403","0,73%"
22.04.2016,"16,1762","16,1600","16,2553","16,1023","0,05%"
25.04.2016,"16,2836","16,1922","16,4134","16,1376","0,66%"
26.04.2016,"16,2730","16,2749","16,3848","16,2213","-0,07%"
27.04.2016,"16,3180","16,2829","16,5388","16,2424","0,28%"
28.04.2016,"16,2083","16,3152","16,5263","16,1192","-0,67%"
29.04.2016,"16,3071","16,1991","16,3382","16,1056","0,61%"
02.05.2016,"16,4666","16,2884","16,5617","16,2520","0,98%"
03.05.2016,"16,8323","16,4565","16,8958","16,4250","2,22%"
04.05.2016,"17,2091","16,8310","17,3592","16,8021","2,24%"
05.05.2016,"17,0707","17,2189","17,3356","16,9709","-0,80%"
06.05.2016,"16,9626","17,0637","17,3189","16,9215","-0,63%"
09.05.2016,"17,2807","16,9790","17,3581","16,7965","1,88%"
10.05.2016,"17,1913","17,2894","17,5312","17,1664","-0,52%"
11.05.2016,"17,1756","17,1951","17,4489","17,1671","-0,09%"
12.05.2016,"17,1154","17,1724","17,3159","16,9980","-0,35%"
13.05.2016,"17,4184","17,1224","17,4510","17,0621","1,77%"
16.05.2016,"17,7178","17,4612","17,8463","17,3814","1,72%"
17.05.2016,"17,5890","17,7314","17,7889","17,5485","-0,73%"
18.05.2016,"17,7987","17,5761","17,9405","17,5730","1,19%"
19.05.2016,"17,7022","17,8083","17,9122","17,6726","-0,54%"
20.05.2016,"17,5457","17,7150","17,7622","17,5240","-0,88%"
23.05.2016,"17,6390","17,5551","17,6958","17,4200","0,53%"
24.05.2016,"17,4473","17,6389","17,7655","17,3913","-1,09%"
25.05.2016,"17,4838","17,4346","17,5815","17,2752","0,21%"
26.05.2016,"17,3746","17,4854","17,5465","17,3486","-0,62%"
27.05.2016,"17,4686","17,3827","17,5195","17,3298","0,54%"
30.05.2016,"17,6311","17,4694","17,7020","17,4152","0,93%"
31.05.2016,"17,4918","17,6065","17,6657","17,4374","-0,79%"
01.06.2016,"17,4595","17,5030","17,5806","17,3687","-0,18%"
02.06.2016,"17,3668","17,4579","17,5427","17,3140","-0,53%"
03.06.2016,"17,1562","17,3572","17,4623","17,0719","-1,21%"
06.06.2016,"16,9264","17,1476","17,2398","16,9113","-1,34%"
07.06.2016,"16,9311","16,9158","17,0104","16,8048","0,03%"
08.06.2016,"16,7901","16,9311","17,0379","16,7090","-0,83%"
09.06.2016,"16,7477","16,7873","16,9295","16,7352","-0,25%"
10.06.2016,"17,1352","16,7448","17,2251","16,7323","2,31%"
13.06.2016,"17,1199","17,1552","17,1780","16,9367","-0,09%"
14.06.2016,"17,1506","17,1327","17,3124","17,0660","0,18%"
15.06.2016,"17,1666","17,1425","17,2422","17,0821","0,09%"
16.06.2016,"17,2218","17,1588","17,3916","17,0749","0,32%"
17.06.2016,"17,0526","17,2250","17,2960","17,0371","-0,98%"
20.06.2016,"16,7893","17,0858","17,1378","16,7416","-1,54%"
21.06.2016,"16,5502","16,7855","16,8427","16,5427","-1,42%"
22.06.2016,"16,5112","16,5569","16,6630","16,4707","-0,24%"
23.06.2016,"16,4051","16,5006","16,6056","16,3616","-0,64%"
24.06.2016,"16,7477","16,4102","17,3086","16,2584","2,09%"
27.06.2016,"17,0413","16,6888","17,1156","16,5694","1,75%"
28.06.2016,"16,8100","17,0563","17,0801","16,7069","-1,36%"
29.06.2016,"16,4533","16,7911","16,8846","16,4077","-2,12%"
30.06.2016,"16,3306","16,4748","16,6349","16,1867","-0,75%"
01.07.2016,"16,2143","16,3090","16,4139","16,1178","-0,71%"
04.07.2016,"16,2497","16,2867","16,2867","16,0968","0,22%"
05.07.2016,"16,3371","16,2398","16,5579","16,2142","0,54%"
06.07.2016,"16,3551","16,3349","16,5419","16,2851","0,11%"
07.07.2016,"16,3111","16,3574","16,3966","16,1722","-0,27%"
08.07.2016,"16,0659","16,3213","16,4038","16,0225","-1,50%"
11.07.2016,"15,9765","16,1000","16,1866","15,9243","-0,56%"
12.07.2016,"15,8540","15,9772","16,0154","15,8384","-0,77%"
13.07.2016,"16,0638","15,8562","16,1206","15,8397","1,32%"
14.07.2016,"15,8182","16,0606","16,1020","15,7553","-1,53%"
15.07.2016,"16,0905","15,8042","16,1268","15,7949","1,72%"
18.07.2016,"15,7749","16,0969","16,1463","15,7493","-1,96%"
19.07.2016,"15,8001","15,7735","15,9472","15,7579","0,16%"
20.07.2016,"15,8010","15,8123","15,8680","15,6842","0,01%"
21.07.2016,"15,6830","15,7872","15,8305","15,5759","-0,75%"
22.07.2016,"15,6785","15,6895","15,8074","15,6169","-0,03%"
25.07.2016,"15,7709","15,6455","15,8535","15,6455","0,59%"
26.07.2016,"15,7726","15,7855","15,9246","15,7089","0,01%"
27.07.2016,"15,7639","15,7698","15,8486","15,6739","-0,06%"
28.07.2016,"15,6663","15,7624","15,8694","15,6456","-0,62%"
29.07.2016,"15,5095","15,6560","15,7749","15,4412","-1,00%"
01.08.2016,"15,5437","15,4858","15,5954","15,3902","0,22%"
02.08.2016,"15,7198","15,5495","15,7621","15,5119","1,13%"
03.08.2016,"15,5108","15,7149","15,7826","15,4930","-1,33%"
04.08.2016,"15,2523","15,5052","15,5458","15,2132","-1,67%"
05.08.2016,"15,2148","15,2544","15,3423","15,1201","-0,25%"
08.08.2016,"15,0692","15,1954","15,2646","15,0307","-0,96%"
09.08.2016,"14,9113","15,0706","15,1337","14,8920","-1,05%"
10.08.2016,"14,8312","14,9030","14,9851","14,7646","-0,54%"
11.08.2016,"14,9347","14,8348","14,9942","14,8000","0,70%"
12.08.2016,"15,0380","14,9318","15,1414","14,8810","0,69%"
15.08.2016,"14,8788","15,0950","15,1017","14,8400","-1,06%"
16.08.2016,"15,1393","14,8732","15,1546","14,8455","1,75%"
17.08.2016,"15,0984","15,1386","15,2451","15,0552","-0,27%"
18.08.2016,"15,1842","15,1102","15,2242","14,9858","0,57%"
19.08.2016,"15,2986","15,1745","15,3385","15,1531","0,75%"
22.08.2016,"15,3690","15,2624","15,4309","15,2102","0,46%"
23.08.2016,"15,8263","15,3663","15,8390","15,2303","2,98%"
24.08.2016,"15,9548","15,8277","16,0684","15,6905","0,81%"
25.08.2016,"16,0275","15,9583","16,1788","15,7567","0,46%"
26.08.2016,"16,0971","16,0289","16,1141","15,7796","0,43%"
29.08.2016,"16,1178","16,0269","16,2539","15,9619","0,13%"
30.08.2016,"16,1407","16,1193","16,2336","16,0118","0,14%"
31.08.2016,"16,4378","16,1439","16,4482","16,0465","1,84%"
01.09.2016,"16,3420","16,4428","16,4750","16,2574","-0,58%"
02.09.2016,"16,1595","16,3561","16,4568","16,1000","-1,12%"
05.09.2016,"16,0328","16,1468","16,1927","15,9909","-0,78%"
06.09.2016,"15,7348","16,0334","16,0822","15,7117","-1,86%"
07.09.2016,"15,7669","15,7439","15,8453","15,6486","0,20%"
08.09.2016,"15,9218","15,7627","15,9498","15,6155","0,98%"
09.09.2016,"16,1968","15,9226","16,2424","15,9071","1,73%"
12.09.2016,"15,9803","16,1307","16,3855","15,9683","-1,34%"
13.09.2016,"16,1500","15,9945","16,3259","15,9718","1,06%"
14.09.2016,"16,1116","16,1401","16,2329","16,0003","-0,24%"
15.09.2016,"16,0163","16,1150","16,1692","15,8872","-0,59%"
16.09.2016,"15,8248","16,0274","16,0730","15,7913","-1,20%"
19.09.2016,"15,6618","15,8856","15,9271","15,6027","-1,03%"
20.09.2016,"15,5208","15,6514","15,6810","15,4462","-0,90%"
21.09.2016,"15,1914","15,5290","15,5458","15,1545","-2,12%"
22.09.2016,"15,2926","15,2018","15,3440","15,0262","0,67%"
23.09.2016,"15,3952","15,2849","15,4188","15,1755","0,67%"
26.09.2016,"15,4077","15,3881","15,4895","15,2995","0,08%"
27.09.2016,"15,0842","15,4089","15,4574","15,0754","-2,10%"
28.09.2016,"15,2706","15,0772","15,4037","14,9917","1,24%"
29.09.2016,"15,5944","15,2833","15,6941","15,2605","2,12%"
30.09.2016,"15,4283","15,5971","15,7392","15,3908","-1,07%"
03.10.2016,"15,2439","15,4200","15,4776","15,2279","-1,20%"
04.10.2016,"15,5021","15,2440","15,5273","15,1610","1,69%"
05.10.2016,"15,3719","15,4916","15,5223","15,3405","-0,84%"
06.10.2016,"15,4852","15,3803","15,5852","15,3628","0,74%"
07.10.2016,"15,5349","15,4846","15,5841","15,3453","0,32%"
10.10.2016,"15,3816","15,5245","15,5680","15,3297","-0,99%"
11.10.2016,"15,8911","15,3899","15,9704","15,3538","3,31%"
12.10.2016,"15,6641","15,8917","15,9951","15,4768","-1,43%"
13.10.2016,"15,7610","15,6517","15,8399","15,5853","0,62%"
14.10.2016,"15,7097","15,7659","15,8165","15,5078","-0,33%"
17.10.2016,"15,5599","15,7064","15,7878","15,5207","-0,95%"
18.10.2016,"15,2612","15,5587","15,5937","15,2376","-1,92%"
19.10.2016,"15,1826","15,2513","15,3280","15,1456","-0,52%"
20.10.2016,"15,2489","15,1935","15,4302","15,1601","0,44%"
21.10.2016,"15,2195","15,2475","15,3410","15,1677","-0,19%"
24.10.2016,"15,1409","15,1845","15,2696","15,0754","-0,52%"
25.10.2016,"14,9798","15,1455","15,1763","14,9709","-1,06%"
26.10.2016,"15,1523","14,9799","15,2388","14,9359","1,15%"
27.10.2016,"15,1177","15,1441","15,2683","15,0809","-0,23%"
28.10.2016,"15,1912","15,1178","15,2917","15,0698","0,49%"
31.10.2016,"14,7969","15,1992","15,2678","14,7653","-2,60%"
01.11.2016,"15,0438","14,7894","15,1349","14,7622","1,67%"
02.11.2016,"14,9396","15,0437","15,1354","14,7697","-0,69%"
03.11.2016,"14,9541","14,9490","15,0634","14,8066","0,10%"
04.11.2016,"15,1226","14,9415","15,1786","14,9002","1,13%"
07.11.2016,"14,7487","15,1788","15,2111","14,7075","-2,47%"
08.11.2016,"14,5433","14,7438","14,8783","14,5029","-1,39%"
09.11.2016,"14,6733","14,5399","15,5589","14,4911","0,89%"
10.11.2016,"15,3864","14,6701","15,4588","14,5546","4,86%"
11.11.2016,"15,6152","15,4024","15,7570","15,2533","1,49%"
14.11.2016,"15,4966","15,6252","15,6281","15,3904","-0,76%"
15.11.2016,"15,1977","15,4915","15,5161","15,1453","-1,93%"
16.11.2016,"15,2935","15,1970","15,3979","15,1654","0,63%"
17.11.2016,"15,3386","15,2934","15,3636","15,2064","0,29%"
18.11.2016,"15,3267","15,3371","15,5228","15,1920","-0,08%"
21.11.2016,"15,1471","15,3170","15,3649","15,0638","-1,17%"
22.11.2016,"14,9575","15,1526","15,1616","14,9008","-1,25%"
23.11.2016,"14,9366","14,9560","15,0978","14,8803","-0,14%"
24.11.2016,"14,9453","14,9359","15,0651","14,8907","0,06%"
25.11.2016,"14,9439","14,9443","15,0880","14,8803","-0,01%"
28.11.2016,"14,5746","14,9418","14,9519","14,5036","-2,47%"
29.11.2016,"14,7808","14,5728","14,9129","14,5424","1,41%"
30.11.2016,"14,9238","14,7888","14,9817","14,7601","0,97%"
01.12.2016,"15,0388","14,9105","15,0686","14,7977","0,77%"
02.12.2016,"14,7346","15,0501","15,1049","14,6974","-2,02%"
05.12.2016,"14,7729","14,7360","14,9019","14,5608","0,26%"
06.12.2016,"14,6281","14,7835","14,8446","14,5526","-0,98%"
07.12.2016,"14,4891","14,6204","14,6839","14,4716","-0,95%"
08.12.2016,"14,4955","14,4961","14,8297","14,4658","0,04%"
09.12.2016,"14,6068","14,4989","14,6293","14,4705","0,77%"
12.12.2016,"14,4802","14,5413","14,7080","14,4513","-0,87%"
13.12.2016,"14,4718","14,4728","14,6213","14,4062","-0,06%"
14.12.2016,"14,6808","14,4791","14,7276","14,4385","1,44%"
15.12.2016,"14,5473","14,6695","14,8398","14,5112","-0,91%"
16.12.2016,"14,7150","14,5543","14,7494","14,5041","1,15%"
19.12.2016,"14,7081","14,7226","14,7718","14,6026","-0,05%"
20.12.2016,"14,5379","14,7144","14,7613","14,4814","-1,16%"
21.12.2016,"14,5995","14,5268","14,6093","14,4588","0,42%"
22.12.2016,"14,6479","14,5960","14,7532","14,5371","0,33%"
23.12.2016,"14,6469","14,6516","14,6921","14,5683","-0,01%"
26.12.2016,"14,6493","14,6504","14,7156","14,5734","0,02%"
27.12.2016,"14,5603","14,6346","14,6518","14,5096","-0,61%"
28.12.2016,"14,4271","14,5707","14,6226","14,3781","-0,91%"
29.12.2016,"14,2842","14,4174","14,4619","14,2320","-0,99%"
30.12.2016,"14,4475","14,2875","14,6054","14,2610","1,14%"
02.01.2017,"14,3766","14,4283","14,5179","14,3044","-0,49%"
03.01.2017,"14,3915","14,3756","14,4323","14,2663","0,10%"
04.01.2017,"14,2807","14,3902","14,4106","14,1723","-0,77%"
05.01.2017,"14,4096","14,2835","14,4555","14,2514","0,90%"
06.01.2017,"14,4671","14,4083","14,5193","14,3322","0,40%"
09.01.2017,"14,4547","14,4490","14,5421","14,3772","-0,09%"
10.01.2017,"14,5040","14,4599","14,5491","14,4093","0,34%"
11.01.2017,"14,5449","14,5034","14,6526","14,3758","0,28%"
12.01.2017,"14,3338","14,5463","14,6104","14,2715","-1,45%"
13.01.2017,"14,3748","14,3265","14,4357","14,2788","0,29%"
16.01.2017,"14,5001","14,3827","14,5461","14,3306","0,87%"
17.01.2017,"14,4262","14,4992","14,5321","14,3436","-0,51%"
18.01.2017,"14,4918","14,4238","14,5442","14,3892","0,45%"
19.01.2017,"14,4595","14,4992","14,5420","14,4223","-0,22%"
20.01.2017,"14,5507","14,4529","14,5779","14,4065","0,63%"
23.01.2017,"14,5169","14,5360","14,6371","14,4695","-0,23%"
24.01.2017,"14,3612","14,5141","14,5529","14,2961","-1,07%"
25.01.2017,"14,2357","14,3652","14,3983","14,2170","-0,87%"
26.01.2017,"14,2674","14,2236","14,3513","14,1698","0,22%"
27.01.2017,"14,4116","14,2713","14,5247","14,2352","1,01%"
30.01.2017,"14,4454","14,3641","14,6588","14,3550","0,23%"
31.01.2017,"14,5504","14,4513","14,6178","14,3897","0,73%"
01.02.2017,"14,5112","14,5531","14,6173","14,3910","-0,27%"
02.02.2017,"14,4150","14,4996","14,5185","14,3792","-0,66%"
03.02.2017,"14,3198","14,4225","14,5154","14,2457","-0,66%"
06.02.2017,"14,2958","14,2942","14,4171","14,2323","-0,17%"
07.02.2017,"14,3740","14,2865","14,3880","14,2619","0,55%"
08.02.2017,"14,3526","14,3779","14,4296","14,2804","-0,15%"
09.02.2017,"14,2830","14,3566","14,4450","14,2457","-0,48%"
10.02.2017,"14,2150","14,2790","14,3346","14,1618","-0,48%"
13.02.2017,"14,1340","14,2190","14,2393","14,0947","-0,57%"
14.02.2017,"13,8633","14,1439","14,1556","13,8460","-1,92%"
15.02.2017,"13,6922","13,8626","13,9008","13,6798","-1,23%"
16.02.2017,"13,9129","13,6811","13,9340","13,6665","1,61%"
17.02.2017,"13,8672","13,9161","14,0234","13,8365","-0,33%"
20.02.2017,"13,8435","13,9102","14,0123","13,8174","-0,17%"
21.02.2017,"13,8433","13,8468","13,9088","13,7994","-0,00%"
22.02.2017,"13,6946","13,8367","13,8807","13,6694","-1,07%"
23.02.2017,"13,6190","13,6934","13,7662","13,5407","-0,55%"
24.02.2017,"13,6897","13,6151","13,7864","13,5875","0,52%"
27.02.2017,"13,7736","13,6837","13,8130","13,6188","0,61%"
28.02.2017,"13,8875","13,7851","13,9467","13,7338","0,83%"
01.03.2017,"13,7378","13,8842","13,9121","13,6893","-1,08%"
02.03.2017,"13,8226","13,7286","13,8488","13,6908","0,62%"
03.03.2017,"13,8259","13,8233","13,8912","13,7668","0,02%"
06.03.2017,"13,7719","13,8218","13,8753","13,7193","-0,39%"
07.03.2017,"13,7095","13,7648","13,8058","13,6689","-0,45%"
08.03.2017,"13,8456","13,7118","13,8708","13,6736","0,99%"
09.03.2017,"14,1053","13,8404","14,1748","13,8126","1,88%"
10.03.2017,"14,0473","14,1120","14,1535","13,9651","-0,41%"
13.03.2017,"14,0040","14,0375","14,1154","13,9508","-0,31%"
14.03.2017,"13,9472","14,0166","14,1113","13,9271","-0,41%"
15.03.2017,"13,7294","13,9372","13,9884","13,6735","-1,56%"
16.03.2017,"13,7444","13,7396","13,8182","13,6154","0,11%"
17.03.2017,"13,6629","13,7431","13,8026","13,6242","-0,59%"
20.03.2017,"13,5799","13,6619","13,6982","13,5460","-0,61%"
21.03.2017,"13,7102","13,5807","13,7412","13,5480","0,96%"
22.03.2017,"13,5666","13,7011","13,7622","13,5300","-1,05%"
23.03.2017,"13,4308","13,5797","13,5950","13,4160","-1,00%"
24.03.2017,"13,4336","13,4309","13,5359","13,4113","0,02%"
27.03.2017,"13,8522","13,4108","13,9660","13,3760","3,12%"
28.03.2017,"14,0569","13,8532","14,2260","13,8338","1,48%"
29.03.2017,"14,0407","14,0489","14,1982","13,8715","-0,12%"
30.03.2017,"14,1924","14,0306","14,2070","13,7186","1,08%"
31.03.2017,"14,3013","14,1937","14,5397","14,1604","0,77%"
03.04.2017,"14,6098","14,2998","14,6823","14,2158","2,16%"
04.04.2017,"14,5413","14,6151","14,8758","14,3823","-0,47%"
05.04.2017,"14,7170","14,5381","14,7952","14,3713","1,21%"
06.04.2017,"14,6416","14,7162","14,8096","14,6006","-0,51%"
07.04.2017,"14,5718","14,6435","14,7331","14,5718","-0,48%"
10.04.2017,"14,7804","14,6069","14,7968","14,5570","1,43%"
11.04.2017,"14,6314","14,7765","14,7941","14,6014","-1,01%"
12.04.2017,"14,3570","14,6336","14,6792","14,3484","-1,88%"
13.04.2017,"14,2864","14,3608","14,4703","14,2535","-0,49%"
14.04.2017,"14,2395","14,2857","14,3217","14,2312","-0,33%"
17.04.2017,"14,1502","14,2349","14,3197","14,1371","-0,63%"
18.04.2017,"14,2459","14,1403","14,3111","14,1120","0,68%"
19.04.2017,"14,2242","14,2390","14,3652","14,2069","-0,15%"
20.04.2017,"14,0935","14,2209","14,2592","14,0655","-0,92%"
21.04.2017,"14,0872","14,0901","14,1314","14,0155","-0,04%"
24.04.2017,"14,1441","14,3247","14,3444","13,9940","0,40%"
25.04.2017,"14,2666","14,1366","14,3788","14,0988","0,87%"
26.04.2017,"14,4826","14,2728","14,5607","14,2584","1,51%"
27.04.2017,"14,5169","14,4825","14,5669","14,3648","0,24%"
28.04.2017,"14,5686","14,5155","14,6160","14,4526","0,36%"
01.05.2017,"14,6169","14,5702","14,6603","14,4784","0,33%"
02.05.2017,"14,5861","14,6182","14,6399","14,4644","-0,21%"
03.05.2017,"14,6272","14,5882","14,6622","14,5343","0,28%"
04.05.2017,"15,0008","14,6287","15,0153","14,5907","2,55%"
05.05.2017,"14,7603","15,0117","15,0588","14,7328","-1,60%"
08.05.2017,"14,8843","14,7243","14,9303","14,7243","0,84%"
09.05.2017,"14,8158","14,8758","14,9604","14,7668","-0,46%"
10.05.2017,"14,6435","14,8186","14,8498","14,5890","-1,16%"
11.05.2017,"14,5203","14,6446","14,7108","14,4704","-0,84%"
12.05.2017,"14,5994","14,5246","14,6664","14,4842","0,54%"
15.05.2017,"14,4650","14,5848","14,6461","14,4404","-0,92%"
16.05.2017,"14,4780","14,4630","14,5804","14,4204","0,09%"
17.05.2017,"14,7388","14,4815","14,7534","14,4567","1,80%"
18.05.2017,"14,9057","14,7373","15,1078","14,7011","1,13%"
19.05.2017,"14,8314","14,9085","14,9302","14,7744","-0,50%"
22.05.2017,"14,8554","14,8609","14,8894","14,7093","0,16%"
23.05.2017,"14,6280","14,8597","14,9863","14,6030","-1,53%"
24.05.2017,"14,4689","14,6231","14,7171","14,4381","-1,09%"
25.05.2017,"14,4940","14,4717","14,5482","14,3932","0,17%"
26.05.2017,"14,3924","14,5024","14,5836","14,3341","-0,70%"
29.05.2017,"14,4742","14,3918","14,5543","14,1258","0,57%"
30.05.2017,"14,6898","14,4730","14,7461","14,4158","1,49%"
31.05.2017,"14,7391","14,6808","14,8549","14,5091","0,34%"
01.06.2017,"14,4486","14,7536","14,7868","14,4076","-1,97%"
02.06.2017,"14,4540","14,4593","14,5605","14,4008","0,04%"
05.06.2017,"14,2972","14,4471","14,4946","14,2654","-1,08%"
06.06.2017,"14,4650","14,2959","14,5101","14,2828","1,17%"
07.06.2017,"14,4485","14,4756","14,5363","14,3968","-0,11%"
08.06.2017,"14,4848","14,4589","14,5285","14,4126","0,25%"
09.06.2017,"14,4993","14,4796","14,5648","14,3624","0,10%"
12.06.2017,"14,3643","14,4498","14,5130","14,3244","-0,93%"
13.06.2017,"14,3085","14,3575","14,3979","14,2785","-0,39%"
14.06.2017,"14,1694","14,3070","14,3461","14,1194","-0,97%"
15.06.2017,"14,3558","14,1793","14,4178","14,1219","1,32%"
16.06.2017,"14,3484","14,3440","14,4368","14,2988","-0,05%"
19.06.2017,"14,4965","14,3378","14,6140","14,2974","1,03%"
20.06.2017,"14,5517","14,4971","14,6456","14,4320","0,38%"
21.06.2017,"14,6080","14,5410","14,6263","14,4964","0,39%"
22.06.2017,"14,4704","14,6075","14,6205","14,4180","-0,94%"
23.06.2017,"14,4758","14,4809","14,5312","14,4274","0,04%"
26.06.2017,"14,3833","14,4784","14,4957","14,3500","-0,64%"
27.06.2017,"14,7750","14,3799","14,7858","14,3285","2,72%"
28.06.2017,"14,7118","14,7806","14,8659","14,6212","-0,43%"
29.06.2017,"14,9012","14,7028","14,9612","14,6289","1,29%"
30.06.2017,"14,9168","14,9073","15,0130","14,8413","0,10%"
03.07.2017,"15,0296","14,9193","15,0616","14,8630","0,76%"
04.07.2017,"14,9638","15,0195","15,0668","14,9487","-0,44%"
05.07.2017,"15,1944","14,9596","15,3007","14,9386","1,54%"
06.07.2017,"15,3559","15,2058","15,3941","15,1408","1,06%"
07.07.2017,"15,2716","15,3445","15,4575","15,2012","-0,55%"
10.07.2017,"15,3722","15,2490","15,4355","15,1470","0,66%"
11.07.2017,"15,5583","15,3745","15,5887","15,2800","1,21%"
12.07.2017,"15,1286","15,5540","15,5678","15,0871","-2,76%"
13.07.2017,"15,0577","15,1402","15,1896","14,9986","-0,47%"
14.07.2017,"14,9483","15,0491","15,1274","14,8622","-0,73%"
17.07.2017,"14,8631","14,9383","15,0208","14,7998","-0,57%"
18.07.2017,"14,9030","14,8650","15,0105","14,8369","0,27%"
19.07.2017,"14,8838","14,9016","14,9610","14,8445","-0,13%"
20.07.2017,"15,1644","14,8942","15,2022","14,8569","1,89%"
21.07.2017,"15,0637","15,1651","15,2111","14,9853","-0,66%"
24.07.2017,"15,0889","15,0625","15,1859","15,0355","0,17%"
25.07.2017,"15,2441","15,0739","15,2643","15,0561","1,03%"
26.07.2017,"15,1386","15,2419","15,2480","15,0845","-0,69%"
27.07.2017,"15,1852","15,1410","15,2601","15,1030","0,31%"
28.07.2017,"15,2889","15,1667","15,3343","15,1641","0,68%"
31.07.2017,"15,6044","15,2802","15,6520","15,2133","2,06%"
01.08.2017,"15,6641","15,5972","15,7288","15,5514","0,38%"
02.08.2017,"15,6564","15,6618","15,7848","15,6146","-0,05%"
03.08.2017,"15,9094","15,6631","15,9549","15,6481","1,62%"
04.08.2017,"15,8392","15,9041","15,9276","15,7513","-0,44%"
07.08.2017,"15,6036","15,8316","15,8901","15,5484","-1,49%"
08.08.2017,"15,7240","15,5998","15,7938","15,4700","0,77%"
09.08.2017,"15,7970","15,7272","15,8736","15,6850","0,46%"
10.08.2017,"15,8480","15,7970","15,8697","15,6344","0,32%"
11.08.2017,"15,8888","15,8438","15,9507","15,7961","0,26%"
14.08.2017,"15,7005","15,8674","15,9383","15,6516","-1,19%"
15.08.2017,"15,6190","15,6968","15,7204","15,6017","-0,52%"
16.08.2017,"15,5076","15,6254","15,6659","15,4518","-0,71%"
17.08.2017,"15,5477","15,5032","15,5726","15,4032","0,26%"
18.08.2017,"15,4804","15,5508","15,6144","15,4503","-0,43%"
21.08.2017,"15,5796","15,4612","15,5906","15,4455","0,64%"
22.08.2017,"15,5543","15,5794","15,5983","15,4921","-0,16%"
23.08.2017,"15,5393","15,5553","15,6748","15,5080","-0,10%"
24.08.2017,"15,5780","15,5385","15,6151","15,5010","0,25%"
25.08.2017,"15,5465","15,5768","15,5994","15,4382","-0,20%"
28.08.2017,"15,6263","15,5176","15,6535","15,5176","0,51%"
29.08.2017,"15,5459","15,6172","15,7756","15,5043","-0,51%"
30.08.2017,"15,4552","15,5567","15,6497","15,4505","-0,58%"
31.08.2017,"15,4892","15,4540","15,5396","15,4188","0,22%"
01.09.2017,"15,3476","15,4903","15,5189","15,3062","-0,91%"
04.09.2017,"15,4351","15,3345","15,4733","15,3279","0,57%"
05.09.2017,"15,3780","15,4360","15,4594","15,3131","-0,37%"
06.09.2017,"15,2240","15,3889","15,4787","15,2099","-1,00%"
07.09.2017,"15,3834","15,2241","15,4944","15,2229","1,05%"
08.09.2017,"15,5704","15,3943","15,6229","15,3412","1,22%"
11.09.2017,"15,5144","15,5780","15,6305","15,4679","-0,36%"
12.09.2017,"15,5684","15,5138","15,6212","15,4238","0,35%"
13.09.2017,"15,6108","15,5683","15,7540","15,5465","0,27%"
14.09.2017,"15,6393","15,5956","15,7235","15,5821","0,18%"
15.09.2017,"15,7240","15,6512","15,8088","15,5902","0,54%"
18.09.2017,"15,9078","15,7209","15,9294","15,6788","1,17%"
19.09.2017,"15,9840","15,9111","16,0203","15,8852","0,48%"
20.09.2017,"15,8569","15,9810","16,0066","15,8103","-0,80%"
21.09.2017,"15,8491","15,8613","15,9363","15,7909","-0,05%"
22.09.2017,"15,8237","15,8461","15,9221","15,7757","-0,16%"
25.09.2017,"15,7930","15,8237","15,8652","15,7367","-0,19%"
26.09.2017,"15,7739","15,7888","15,8363","15,6959","-0,12%"
27.09.2017,"15,9595","15,7755","15,9831","15,7428","1,18%"
28.09.2017,"15,9406","15,9567","16,0940","15,9089","-0,12%"
29.09.2017,"16,0151","15,9477","16,0570","15,8836","0,47%"
02.10.2017,"15,9529","16,0160","16,0477","15,9420","-0,39%"
03.10.2017,"16,0395","15,9552","16,1826","15,9162","0,54%"
04.10.2017,"15,9606","16,0375","16,0877","15,9423","-0,49%"
05.10.2017,"16,0302","15,9563","16,0643","15,9352","0,44%"
06.10.2017,"16,1636","16,0319","16,1992","15,9780","0,83%"
09.10.2017,"16,2027","16,1560","16,2721","16,0714","0,24%"
10.10.2017,"16,1803","16,2001","16,2386","16,0741","-0,14%"
11.10.2017,"16,0397","16,1823","16,2135","16,0148","-0,87%"
12.10.2017,"15,9496","16,0417","16,0755","15,8667","-0,56%"
13.10.2017,"15,6847","15,9503","15,9818","15,6616","-1,66%"
16.10.2017,"15,7120","15,6866","15,7639","15,6599","0,17%"
17.10.2017,"15,7606","15,7111","15,8290","15,6477","0,31%"
18.10.2017,"16,0071","15,7628","16,0285","15,7511","1,56%"
19.10.2017,"15,9824","16,0153","16,0944","15,9550","-0,15%"
20.10.2017,"16,0754","15,9825","16,2190","15,9772","0,58%"
23.10.2017,"16,1064","16,0489","16,1725","16,0380","0,19%"
24.10.2017,"16,1549","16,1085","16,2316","16,0849","0,30%"
25.10.2017,"16,5914","16,1553","16,6940","16,1383","2,70%"
26.10.2017,"16,5962","16,5962","16,8880","16,5472","0,03%"
27.10.2017,"16,3284","16,5866","16,6979","16,3169","-1,61%"
30.10.2017,"16,3684","16,3187","16,4392","16,2906","0,24%"
31.10.2017,"16,4546","16,3685","16,5099","16,3060","0,53%"
01.11.2017,"16,3363","16,4545","16,5025","16,2867","-0,72%"
02.11.2017,"16,2906","16,3363","16,4237","16,2005","-0,28%"
03.11.2017,"16,5121","16,3051","16,5819","16,2864","1,36%"
06.11.2017,"16,3667","16,5099","16,5953","16,3397","-0,88%"
07.11.2017,"16,4862","16,3629","16,5296","16,3485","0,73%"
08.11.2017,"16,4192","16,4891","16,5506","16,3600","-0,41%"
09.11.2017,"16,5870","16,4109","16,6794","16,3741","1,02%"
10.11.2017,"16,7630","16,5980","16,8026","16,5597","1,06%"
13.11.2017,"16,8889","16,7692","17,0155","16,7178","0,75%"
14.11.2017,"16,9478","16,8912","17,0054","16,8300","0,35%"
15.11.2017,"16,9668","16,9451","17,0762","16,9354","0,11%"
16.11.2017,"16,6620","16,9748","17,0058","16,6491","-1,80%"
17.11.2017,"16,4906","16,6569","16,8028","16,4657","-1,03%"
20.11.2017,"16,4767","16,4757","16,5864","16,3792","-0,08%"
21.11.2017,"16,4038","16,4738","16,6044","16,3808","-0,44%"
22.11.2017,"16,3518","16,4068","16,4596","16,2867","-0,32%"
23.11.2017,"16,4525","16,3601","16,5052","16,3455","0,62%"
24.11.2017,"16,5674","16,4498","16,6802","16,4253","0,70%"
27.11.2017,"16,3716","16,5648","16,8352","16,3455","-1,18%"
28.11.2017,"16,1755","16,3650","16,4498","16,1151","-1,20%"
29.11.2017,"16,1854","16,1756","16,2825","16,1102","0,06%"
30.11.2017,"16,3067","16,1850","16,3577","16,0900","0,75%"
01.12.2017,"16,2987","16,3121","16,4374","16,2247","-0,05%"
04.12.2017,"16,0373","16,2834","16,3898","15,9927","-1,60%"
05.12.2017,"15,8983","16,0347","16,0879","15,8719","-0,87%"
06.12.2017,"15,9375","15,9035","16,0799","15,9006","0,25%"
07.12.2017,"16,1731","15,9323","16,1933","15,9284","1,48%"
08.12.2017,"16,0645","16,1711","16,1838","15,9395","-0,67%"
11.12.2017,"16,0127","16,0663","16,1666","15,9849","-0,32%"
12.12.2017,"16,0589","16,0098","16,0983","15,9925","0,29%"
13.12.2017,"15,9108","16,0626","16,0855","15,8305","-0,92%"
14.12.2017,"15,9065","15,9101","15,9962","15,7985","-0,03%"
15.12.2017,"15,4522","15,9064","15,9388","15,4230","-2,86%"
18.12.2017,"15,0458","15,4486","15,6717","14,8050","-2,63%"
19.12.2017,"15,0457","15,0554","15,2014","14,9822","-0,00%"
20.12.2017,"15,1183","15,0349","15,1579","14,9170","0,48%"
21.12.2017,"15,1554","15,1188","15,1853","15,0450","0,25%"
22.12.2017,"14,9401","15,1654","15,1695","14,8931","-1,42%"
25.12.2017,"14,9906","14,9942","15,0106","14,9170","0,34%"
26.12.2017,"14,8558","14,9640","14,9877","14,8170","-0,90%"
27.12.2017,"14,5855","14,8653","14,8840","14,5807","-1,82%"
28.12.2017,"14,7735","14,5766","14,8767","14,5761","1,29%"
29.12.2017,"14,8444","14,7826","14,9429","14,7002","0,48%"
01.01.2018,"14,8592","14,8409","14,8642","14,8361","0,10%"
02.01.2018,"15,0235","14,8636","15,0412","14,7782","1,11%"
03.01.2018,"14,8482","15,0191","15,0831","14,8085","-1,17%"
04.01.2018,"14,8590","14,8463","14,9162","14,7203","0,07%"
05.01.2018,"14,8022","14,8680","14,9567","14,8010","-0,38%"
08.01.2018,"14,8211","14,7903","14,9620","14,7743","0,13%"
09.01.2018,"14,7363","14,8092","14,8791","14,6430","-0,57%"
10.01.2018,"14,8557","14,7271","15,0526","14,7087","0,81%"
11.01.2018,"14,9004","14,8575","15,0234","14,8128","0,30%"
12.01.2018,"15,0646","14,9114","15,1450","14,8973","1,10%"
15.01.2018,"15,0905","15,1195","15,1860","15,0237","0,17%"
16.01.2018,"15,0547","15,0831","15,1517","14,9316","-0,24%"
17.01.2018,"14,9918","15,0527","15,0996","14,9359","-0,42%"
18.01.2018,"14,8514","14,9912","15,0621","14,8190","-0,94%"
19.01.2018,"14,8992","14,8485","15,0234","14,7983","0,32%"
22.01.2018,"14,7773","14,9480","14,9576","14,7188","-0,82%"
23.01.2018,"14,7945","14,7772","14,8985","14,7648","0,12%"
24.01.2018,"14,7072","14,7977","14,8522","14,6886","-0,59%"
25.01.2018,"14,7704","14,7035","14,8805","14,6618","0,43%"
26.01.2018,"14,7402","14,7812","14,8476","14,6890","-0,20%"
29.01.2018,"14,7909","14,7283","14,8893","14,6928","0,34%"
30.01.2018,"14,8375","14,7931","14,9270","14,7487","0,32%"
31.01.2018,"14,7375","14,8270","14,8865","14,6791","-0,67%"
01.02.2018,"14,8288","14,7396","14,8743","14,7028","0,62%"
02.02.2018,"15,0679","14,8338","15,0877","14,8146","1,61%"
05.02.2018,"14,9956","15,0338","15,0592","14,8883","-0,48%"
06.02.2018,"14,7624","14,9981","15,0812","14,7119","-1,56%"
07.02.2018,"14,8014","14,7592","14,8335","14,6621","0,26%"
08.02.2018,"14,9055","14,8092","14,9497","14,7497","0,70%"
09.02.2018,"14,7250","14,8947","14,9080","14,6989","-1,21%"
12.02.2018,"14,6173","14,7465","14,8011","14,5572","-0,73%"
13.02.2018,"14,7760","14,6184","14,8268","14,6174","1,09%"
14.02.2018,"14,5881","14,7799","14,8009","14,5020","-1,27%"
15.02.2018,"14,5295","14,5884","14,6537","14,4826","-0,40%"
16.02.2018,"14,4360","14,5265","14,5738","14,3823","-0,64%"
19.02.2018,"14,4781","14,4366","14,5102","14,3786","0,29%"
20.02.2018,"14,4726","14,4969","14,5394","14,4650","-0,04%"
21.02.2018,"14,3261","14,4727","14,5245","14,2953","-1,01%"
22.02.2018,"14,3724","14,3291","14,4255","14,3071","0,32%"
23.02.2018,"14,1928","14,3732","14,3981","14,1790","-1,25%"
26.02.2018,"14,2347","14,1983","14,3158","14,1747","0,30%"
27.02.2018,"14,3373","14,2350","14,4062","14,2192","0,72%"
28.02.2018,"14,3838","14,3385","14,4331","14,2711","0,32%"
01.03.2018,"14,5381","14,3823","14,6065","14,3674","1,07%"
02.03.2018,"14,6537","14,5396","14,8100","14,5026","0,80%"
05.03.2018,"14,5938","14,6583","14,7891","14,5828","-0,41%"
06.03.2018,"14,6051","14,5969","14,6567","14,4965","0,08%"
07.03.2018,"14,6816","14,6051","14,8271","14,5965","0,52%"
08.03.2018,"14,6566","14,6905","14,8083","14,6311","-0,17%"
09.03.2018,"14,5434","14,6590","14,7043","14,5094","-0,77%"
12.03.2018,"14,5785","14,5440","14,6127","14,5274","0,24%"
13.03.2018,"14,6386","14,5827","14,6615","14,5338","0,41%"
14.03.2018,"14,5585","14,6420","14,6608","14,5381","-0,55%"
15.03.2018,"14,6406","14,5582","14,6943","14,5446","0,56%"
16.03.2018,"14,7160","14,6555","14,7589","14,6227","0,52%"
19.03.2018,"14,8223","14,7095","14,9069","14,6862","0,72%"
20.03.2018,"14,6488","14,8229","14,8777","14,6264","-1,17%"
21.03.2018,"14,5959","14,6519","14,7825","14,5760","-0,36%"
22.03.2018,"14,5800","14,6021","14,6969","14,4968","-0,11%"
23.03.2018,"14,5059","14,5707","14,6776","14,4202","-0,51%"
26.03.2018,"14,4612","14,4964","14,5564","14,3459","-0,31%"
27.03.2018,"14,4766","14,4646","14,5402","14,4103","0,11%"
28.03.2018,"14,4931","14,4779","14,5809","14,4446","0,11%"
29.03.2018,"14,5623","14,4930","14,6627","14,4776","0,48%"
30.03.2018,"14,5880","14,5629","14,6074","14,5388","0,18%"
02.04.2018,"14,5754","14,6344","14,6344","14,5477","-0,09%"
03.04.2018,"14,5096","14,5760","14,6204","14,4726","-0,45%"
04.04.2018,"14,5893","14,5090","14,6756","14,4873","0,55%"
05.04.2018,"14,6574","14,5863","14,6751","14,5672","0,47%"
06.04.2018,"14,7704","14,6501","14,8246","14,6318","0,77%"
09.04.2018,"14,9003","14,7647","14,9631","14,6960","0,88%"
10.04.2018,"14,8740","14,8974","14,9852","14,7968","-0,18%"
11.04.2018,"14,7690","14,8767","15,0252","14,7424","-0,71%"
12.04.2018,"14,8667","14,7698","14,8951","14,7576","0,66%"
13.04.2018,"14,8823","14,8667","14,9296","14,8217","0,10%"
16.04.2018,"14,9204","14,8666","14,9804","14,8547","0,26%"
17.04.2018,"14,8276","14,9300","14,9386","14,7831","-0,62%"
18.04.2018,"14,7640","14,8319","14,8985","14,7411","-0,43%"
19.04.2018,"14,7661","14,7655","14,8120","14,7491","0,01%"
20.04.2018,"14,8671","14,7711","14,8910","14,7622","0,68%"
23.04.2018,"15,0842","14,8612","15,1002","14,8284","1,46%"
24.04.2018,"15,0754","15,0841","15,1583","14,9573","-0,06%"
25.04.2018,"15,1293","15,0771","15,2731","15,0662","0,36%"
26.04.2018,"15,0053","15,1261","15,1653","14,9876","-0,82%"
27.04.2018,"14,9541","15,0137","15,0352","14,9160","-0,34%"
30.04.2018,"15,0604","14,9471","15,0974","14,9039","0,71%"
01.05.2018,"15,1898","15,0579","15,2244","15,0197","0,86%"
02.05.2018,"15,1852","15,2011","15,2364","15,0898","-0,03%"
03.05.2018,"15,0897","15,1846","15,2367","15,0710","-0,63%"
04.05.2018,"14,9500","15,0902","15,1865","14,8884","-0,93%"
07.05.2018,"14,9557","14,9307","15,0209","14,9219","0,04%"
08.05.2018,"14,9122","14,9509","15,0088","14,8564","-0,29%"
09.05.2018,"14,8836","14,9141","15,0517","14,8541","-0,19%"
10.05.2018,"14,6555","14,8832","14,9367","14,6289","-1,53%"
11.05.2018,"14,6362","14,6549","14,7319","14,5616","-0,13%"
14.05.2018,"14,7066","14,6428","14,7533","14,5891","0,48%"
15.05.2018,"14,8759","14,7030","14,9764","14,6883","1,15%"
16.05.2018,"14,6861","14,8763","14,9349","14,6220","-1,28%"
17.05.2018,"14,8660","14,6917","14,8925","14,6695","1,22%"
18.05.2018,"15,0311","14,8669","15,0889","14,7890","1,11%"
21.05.2018,"14,9503","15,0131","15,1483","14,9261","-0,54%"
22.05.2018,"14,8064","14,9496","14,9700","14,7492","-0,96%"
23.05.2018,"14,5645","14,8073","14,9011","14,5061","-1,63%"
24.05.2018,"14,5561","14,5630","14,6895","14,5241","-0,06%"
25.05.2018,"14,5546","14,5596","14,6646","14,5108","-0,01%"
28.05.2018,"14,4918","14,5513","14,6612","14,4434","-0,43%"
29.05.2018,"14,6503","14,4923","14,6789","14,4659","1,09%"
30.05.2018,"14,6042","14,6505","14,7354","14,5599","-0,31%"
31.05.2018,"14,8504","14,5966","14,8942","14,5674","1,69%"
01.06.2018,"14,7979","14,8598","14,8878","14,7289","-0,35%"
04.06.2018,"14,7036","14,8083","14,8154","14,6693","-0,64%"
05.06.2018,"14,9657","14,6943","14,9936","14,6555","1,78%"
06.06.2018,"14,9629","14,9637","15,1487","14,8951","-0,02%"
07.06.2018,"15,3343","14,9636","15,4176","14,9469","2,48%"
08.06.2018,"15,3755","15,3355","15,6359","15,2691","0,27%"
11.06.2018,"15,5133","15,3937","15,5303","15,3376","0,90%"
12.06.2018,"15,6632","15,5140","15,6867","15,4593","0,97%"
13.06.2018,"15,6930","15,6633","15,7762","15,5294","0,19%"
14.06.2018,"15,5672","15,6933","15,7300","15,3514","-0,80%"
15.06.2018,"15,5960","15,5627","15,6883","15,4618","0,19%"
18.06.2018,"15,8573","15,6024","15,9352","15,5265","1,68%"
19.06.2018,"15,9385","15,8615","16,1862","15,8381","0,51%"
20.06.2018,"15,8019","15,9359","15,9527","15,7117","-0,86%"
21.06.2018,"15,7563","15,8017","15,9047","15,7100","-0,29%"
22.06.2018,"15,6650","15,7547","15,8251","15,6007","-0,58%"
25.06.2018,"15,8589","15,6932","15,9637","15,6397","1,24%"
26.06.2018,"15,7707","15,8595","15,9036","15,7358","-0,56%"
27.06.2018,"16,0115","15,7665","16,1365","15,7457","1,53%"
28.06.2018,"15,9224","16,0106","16,1458","15,9111","-0,56%"
29.06.2018,"16,0406","15,9225","16,1125","15,9141","0,74%"
02.07.2018,"16,0916","15,9932","16,1621","15,9671","0,32%"
03.07.2018,"15,9414","16,0946","16,1780","15,9186","-0,93%"
04.07.2018,"15,9463","15,9410","16,0107","15,8773","0,03%"
05.07.2018,"15,8266","15,9457","16,0592","15,7817","-0,75%"
06.07.2018,"15,8234","15,8358","15,9880","15,7975","-0,02%"
09.07.2018,"15,7614","15,8258","15,8651","15,6908","-0,39%"
10.07.2018,"15,6541","15,7497","15,8543","15,5523","-0,68%"
11.07.2018,"15,8288","15,6555","15,8546","15,6032","1,12%"
12.07.2018,"15,5270","15,8300","15,8529","15,4642","-1,91%"
13.07.2018,"15,5048","15,5242","15,5813","15,4150","-0,14%"
16.07.2018,"15,4808","15,5424","15,5424","15,4157","-0,15%"
17.07.2018,"15,4697","15,4736","15,5891","15,4139","-0,07%"
18.07.2018,"15,4407","15,4728","15,5346","15,3915","-0,19%"
19.07.2018,"15,7628","15,4527","15,8407","15,4378","2,09%"
20.07.2018,"15,7108","15,7642","15,8658","15,6562","-0,33%"
23.07.2018,"15,7316","15,7096","15,8976","15,7071","0,13%"
24.07.2018,"15,5249","15,7316","15,7877","15,4858","-1,31%"
25.07.2018,"15,3752","15,5257","15,5639","15,3573","-0,96%"
26.07.2018,"15,4180","15,3841","15,4977","15,3649","0,28%"
27.07.2018,"15,3637","15,4168","15,4602","15,3081","-0,35%"
30.07.2018,"15,4022","15,3986","15,4407","15,3445","0,25%"
31.07.2018,"15,5205","15,4012","15,5284","15,2941","0,77%"
01.08.2018,"15,4217","15,5244","15,6343","15,3755","-0,64%"
02.08.2018,"15,5791","15,4200","15,6937","15,3896","1,02%"
03.08.2018,"15,4144","15,5703","15,6583","15,3867","-1,06%"
06.08.2018,"15,5305","15,4189","15,5595","15,3936","0,75%"
07.08.2018,"15,4662","15,5278","15,5568","15,3888","-0,41%"
08.08.2018,"15,5535","15,4667","15,6095","15,4109","0,56%"
09.08.2018,"15,8030","15,5404","15,8483","15,5123","1,60%"
10.08.2018,"16,0941","15,8021","16,1706","15,6781","1,84%"
13.08.2018,"16,4515","16,0946","17,4567","16,0946","2,22%"
14.08.2018,"16,1594","16,4535","16,5225","16,0160","-1,78%"
15.08.2018,"16,5296","16,1635","16,6973","16,0602","2,29%"
16.08.2018,"16,7535","16,5236","16,9043","16,3041","1,35%"
17.08.2018,"16,7452","16,7649","17,1176","16,6432","-0,05%"
20.08.2018,"16,6769","16,7518","16,9347","16,4871","-0,41%"
21.08.2018,"16,6536","16,6872","16,7570","16,5054","-0,14%"
22.08.2018,"16,4281","16,6425","16,7201","16,4011","-1,35%"
23.08.2018,"16,6191","16,4215","16,7120","16,4012","1,16%"
24.08.2018,"16,5474","16,6133","16,7012","16,4443","-0,43%"
27.08.2018,"16,5477","16,5306","16,6791","16,4706","0,00%"
28.08.2018,"16,6420","16,5433","16,6522","16,3664","0,57%"
29.08.2018,"16,8069","16,6537","16,9536","16,5813","0,99%"
30.08.2018,"17,1813","16,7934","17,2748","16,7627","2,23%"
31.08.2018,"17,0419","17,1845","17,2851","16,9312","-0,81%"
03.09.2018,"17,2679","17,0404","17,3512","16,9981","1,33%"
04.09.2018,"17,7734","17,2754","17,8290","17,2435","2,93%"
05.09.2018,"17,9509","17,7602","18,1242","17,6919","1,00%"
06.09.2018,"17,8196","17,9625","18,0827","17,7325","-0,73%"
07.09.2018,"17,6035","17,8221","17,8648","17,4526","-1,21%"
10.09.2018,"17,6156","17,6139","17,6933","17,4912","0,07%"
11.09.2018,"17,4716","17,6058","17,6490","17,4461","-0,82%"
12.09.2018,"17,3881","17,4768","17,5856","17,3622","-0,48%"
13.09.2018,"17,2731","17,3840","17,4293","17,0748","-0,66%"
14.09.2018,"17,3696","17,2825","17,4292","17,1677","0,56%"
17.09.2018,"17,4340","17,3467","17,5664","17,3467","0,37%"
18.09.2018,"17,3776","17,4363","17,5272","17,3110","-0,32%"
19.09.2018,"17,1357","17,3630","17,4147","17,0574","-1,39%"
20.09.2018,"16,8255","17,1388","17,1595","16,7845","-1,81%"
21.09.2018,"16,8184","16,8313","16,9715","16,7184","-0,04%"
24.09.2018,"16,8891","16,7995","16,9545","16,7113","0,42%"
25.09.2018,"16,8974","16,8789","17,0250","16,8333","0,05%"
26.09.2018,"16,5931","16,9043","16,9313","16,5837","-1,80%"
27.09.2018,"16,4435","16,5936","16,6743","16,3704","-0,90%"
28.09.2018,"16,4236","16,4327","16,5147","16,3472","-0,12%"
01.10.2018,"16,4604","16,4193","16,4841","16,3126","0,22%"
02.10.2018,"16,5799","16,4676","16,6342","16,4408","0,73%"
03.10.2018,"16,8166","16,5770","16,8622","16,5128","1,43%"
04.10.2018,"17,1221","16,8069","17,1984","16,7559","1,82%"
05.10.2018,"17,0264","17,1252","17,1480","16,9032","-0,56%"
08.10.2018,"17,0664","17,0231","17,2503","16,9931","0,23%"
09.10.2018,"16,7322","17,0656","17,2340","16,7207","-1,96%"
10.10.2018,"17,0124","16,7395","17,0547","16,7052","1,67%"
11.10.2018,"16,9653","16,9975","17,0883","16,8252","-0,28%"
12.10.2018,"16,7888","16,9651","16,9654","16,6441","-1,04%"
15.10.2018,"16,6393","16,7842","16,8361","16,5729","-0,89%"
16.10.2018,"16,3931","16,6260","16,6839","16,3597","-1,48%"
17.10.2018,"16,3849","16,3910","16,5105","16,2476","-0,05%"
18.10.2018,"16,5510","16,3927","16,6105","16,3270","1,01%"
19.10.2018,"16,6025","16,5402","16,6452","16,4235","0,31%"
22.10.2018,"16,4175","16,5899","16,6101","16,3588","-1,11%"
23.10.2018,"16,3531","16,4206","16,5511","16,3231","-0,39%"
24.10.2018,"16,5896","16,3502","16,6624","16,1283","1,45%"
25.10.2018,"16,6280","16,5888","16,7074","16,4737","0,23%"
26.10.2018,"16,6551","16,6359","16,7452","16,5636","0,16%"
29.10.2018,"16,7416","16,6175","16,8008","16,4368","0,52%"
30.10.2018,"16,5586","16,7411","16,7594","16,5402","-1,09%"
31.10.2018,"16,7295","16,5585","16,8227","16,5245","1,03%"
01.11.2018,"16,4380","16,7353","16,7522","16,3827","-1,74%"
02.11.2018,"16,2889","16,4428","16,5072","16,2543","-0,91%"
05.11.2018,"16,1469","16,2909","16,4194","16,1388","-0,87%"
06.11.2018,"16,1215","16,1434","16,2821","16,1035","-0,16%"
07.11.2018,"15,8878","16,1271","16,2240","15,8725","-1,45%"
08.11.2018,"16,0628","15,8913","16,1249","15,8507","1,10%"
09.11.2018,"16,2399","16,0657","16,3481","16,0318","1,10%"
12.11.2018,"16,2492","16,2213","16,2938","16,1535","0,06%"
13.11.2018,"16,3230","16,2510","16,3977","16,1365","0,45%"
14.11.2018,"16,2834","16,3189","16,3800","16,1360","-0,24%"
15.11.2018,"16,0598","16,2852","16,3152","16,0418","-1,37%"
16.11.2018,"16,0139","16,1003","16,1496","15,9171","-0,29%"
19.11.2018,"16,0693","16,0526","16,1156","15,9029","0,35%"
20.11.2018,"16,0296","16,0578","16,1439","16,0016","-0,25%"
21.11.2018,"15,8614","16,0409","16,0806","15,7803","-1,05%"
22.11.2018,"15,6875","15,8487","15,9259","15,6373","-1,10%"
23.11.2018,"15,7180","15,6869","15,7945","15,6556","0,19%"
26.11.2018,"15,7488","15,7172","15,8177","15,5947","0,20%"
27.11.2018,"15,7231","15,7522","15,8116","15,6080","-0,16%"
28.11.2018,"15,6570","15,7240","15,7967","15,6215","-0,42%"
29.11.2018,"15,5719","15,6641","15,6992","15,4860","-0,54%"
30.11.2018,"15,6958","15,5720","15,7696","15,5275","0,80%"
03.12.2018,"15,5450","15,6973","15,7721","15,4309","-0,96%"
04.12.2018,"15,7192","15,5437","15,7491","15,4426","1,12%"
05.12.2018,"15,7065","15,7150","15,7488","15,5526","-0,08%"
06.12.2018,"15,9811","15,7156","16,1958","15,6889","1,75%"
07.12.2018,"16,1130","15,9756","16,2172","15,8606","0,83%"
10.12.2018,"16,3392","16,0923","16,4659","16,0923","1,40%"
11.12.2018,"16,2315","16,3410","16,4787","16,1808","-0,66%"
12.12.2018,"16,0451","16,2252","16,2684","15,9665","-1,15%"
13.12.2018,"16,1160","16,0420","16,1990","15,9970","0,44%"
14.12.2018,"16,2867","16,1150","16,3427","16,1047","1,06%"
17.12.2018,"16,3366","16,2939","16,4171","16,1898","0,31%"
18.12.2018,"16,3094","16,3352","16,3732","16,1993","-0,17%"
19.12.2018,"16,3620","16,3002","16,4170","16,1193","0,32%"
20.12.2018,"16,4823","16,3620","16,5408","16,2316","0,74%"
21.12.2018,"16,6461","16,4900","16,7081","16,3332","0,99%"
24.12.2018,"16,6302","16,6380","16,7308","16,4987","-0,10%"
25.12.2018,"16,6049","16,6217","16,7015","16,5415","-0,15%"
26.12.2018,"16,5310","16,6141","16,7156","16,4976","-0,45%"
27.12.2018,"16,5678","16,4958","16,6548","16,4474","0,22%"
28.12.2018,"16,5120","16,5614","16,6259","16,4085","-0,34%"
31.12.2018,"16,4743","16,5301","16,5690","16,4173","-0,23%"
01.01.2019,"16,4938","16,4592","16,5775","16,3658","0,12%"
01.01.2019,"16,4938","16,4592","16,5775","16,3658","0,12%"
02.01.2019,"16,4090","16,4958","16,6288","16,2932","-0,51%"
02.01.2019,"16,4090","16,4958","16,6288","16,2932","-0,51%"
03.01.2019,"16,2968","16,4159","16,6766","16,2340","-0,68%"
03.01.2019,"16,2968","16,4159","16,6766","16,2340","-0,68%"
04.01.2019,"15,9101","16,2893","16,3913","15,8730","-2,37%"
04.01.2019,"15,9101","16,2893","16,3913","15,8730","-2,37%"
07.01.2019,"15,9213","15,9148","16,0019","15,8372","0,07%"
07.01.2019,"15,9213","15,9148","16,0019","15,8372","0,07%"
08.01.2019,"15,9832","15,9270","16,0871","15,8994","0,39%"
08.01.2019,"15,9832","15,9270","16,0871","15,8994","0,39%"
09.01.2019,"15,9954","15,9913","16,0738","15,8928","0,08%"
09.01.2019,"15,9954","15,9913","16,0738","15,8928","0,08%"
10.01.2019,"15,9330","15,9869","16,0918","15,9018","-0,39%"
10.01.2019,"15,9330","15,9869","16,0918","15,9018","-0,39%"
11.01.2019,"15,8674","15,9382","15,9995","15,8586","-0,41%"
11.01.2019,"15,8674","15,9382","15,9995","15,8586","-0,41%"
14.01.2019,"15,8054","15,8621","16,0175","15,7745","-0,39%"
14.01.2019,"15,8054","15,8621","16,0175","15,7745","-0,39%"
15.01.2019,"15,6800","15,8029","15,8658","15,6533","-0,79%"
15.01.2019,"15,6800","15,8029","15,8658","15,6533","-0,79%"
16.01.2019,"15,6064","15,6831","15,7090","15,5527","-0,47%"
16.01.2019,"15,6064","15,6831","15,7090","15,5527","-0,47%"
17.01.2019,"15,6372","15,5967","15,7601","15,5651","0,20%"
17.01.2019,"15,6372","15,5967","15,7601","15,5651","0,20%"
18.01.2019,"15,7299","15,6407","15,7823","15,5906","0,59%"
18.01.2019,"15,7299","15,6407","15,7823","15,5906","0,59%"
21.01.2019,"15,7163","15,7388","15,8321","15,7028","-0,09%"
21.01.2019,"15,7163","15,7388","15,8321","15,7028","-0,09%"
22.01.2019,"15,8692","15,7144","15,8954","15,7043","0,97%"
22.01.2019,"15,8692","15,7144","15,8954","15,7043","0,97%"
23.01.2019,"15,7255","15,8650","15,8979","15,7044","-0,91%"
23.01.2019,"15,7255","15,8650","15,8979","15,7044","-0,91%"
24.01.2019,"15,5126","15,7277","15,7803","15,4932","-1,35%"
24.01.2019,"15,5126","15,7277","15,7803","15,4932","-1,35%"
25.01.2019,"15,5356","15,5125","15,5844","15,4506","0,15%"
25.01.2019,"15,5356","15,5125","15,5844","15,4506","0,15%"
28.01.2019,"15,6172","15,5343","15,7029","15,5108","0,53%"
28.01.2019,"15,6172","15,5343","15,7029","15,5108","0,53%"
29.01.2019,"15,5455","15,6251","15,7232","15,5182","-0,46%"
29.01.2019,"15,5455","15,6251","15,7232","15,5182","-0,46%"
30.01.2019,"15,3010","15,5425","15,6123","15,2779","-1,57%"
30.01.2019,"15,3010","15,5425","15,6123","15,2779","-1,57%"
31.01.2019,"15,1739","15,2975","15,4037","15,1545","-0,83%"
31.01.2019,"15,1739","15,2975","15,4037","15,1545","-0,83%"
01.02.2019,"15,2631","15,1806","15,3456","15,1592","0,59%"
01.02.2019,"15,2631","15,1806","15,3456","15,1592","0,59%"
04.02.2019,"15,3506","15,2538","15,3715","15,2490","0,57%"
04.02.2019,"15,3506","15,2538","15,3715","15,2490","0,57%"
05.02.2019,"15,2677","15,3532","15,3765","15,2294","-0,54%"
05.02.2019,"15,2677","15,3532","15,3765","15,2294","-0,54%"
06.02.2019,"15,3948","15,2606","15,4605","15,2388","0,83%"
06.02.2019,"15,3948","15,2606","15,4605","15,2388","0,83%"
07.02.2019,"15,4653","15,3874","15,5386","15,3600","0,46%"
07.02.2019,"15,4653","15,3874","15,5386","15,3600","0,46%"
08.02.2019,"15,4386","15,4599","15,5422","15,3870","-0,17%"
08.02.2019,"15,4386","15,4599","15,5422","15,3870","-0,17%"
11.02.2019,"15,5702","15,4229","15,6072","15,3683","0,85%"
11.02.2019,"15,5702","15,4229","15,6072","15,3683","0,85%"
12.02.2019,"15,5961","15,5716","15,6337","15,4995","0,17%"
12.02.2019,"15,5961","15,5716","15,6337","15,4995","0,17%"
13.02.2019,"15,8375","15,5910","15,8475","15,5305","1,55%"
13.02.2019,"15,8375","15,5910","15,8475","15,5305","1,55%"
14.02.2019,"15,9605","15,8484","16,0980","15,7525","0,78%"
14.02.2019,"15,9605","15,8484","16,0980","15,7525","0,78%"
15.02.2019,"15,8895","15,9566","16,0219","15,8346","-0,44%"
15.02.2019,"15,8895","15,9566","16,0219","15,8346","-0,44%"
18.02.2019,"15,9709","15,9178","16,0206","15,8643","0,51%"
18.02.2019,"15,9709","15,9178","16,0206","15,8643","0,51%"
19.02.2019,"15,9236","15,9656","16,0773","15,8742","-0,30%"
19.02.2019,"15,9236","15,9656","16,0773","15,8742","-0,30%"
20.02.2019,"15,8893","15,9224","16,2868","15,8120","-0,22%"
20.02.2019,"15,8893","15,9224","16,2868","15,8120","-0,22%"
21.02.2019,"15,9038","15,8948","15,9537","15,7153","0,09%"
21.02.2019,"15,9038","15,8948","15,9537","15,7153","0,09%"
22.02.2019,"15,8784","15,8964","15,9413","15,8178","-0,16%"
22.02.2019,"15,8784","15,8964","15,9413","15,8178","-0,16%"
25.02.2019,"15,7089","15,8347","15,8872","15,6563","-1,07%"
25.02.2019,"15,7089","15,8347","15,8872","15,6563","-1,07%"
26.02.2019,"15,7737","15,7226","15,8117","15,6954","0,41%"
26.02.2019,"15,7737","15,7226","15,8117","15,6954","0,41%"
27.02.2019,"15,8438","15,7580","15,8996","15,7205","0,44%"
27.02.2019,"15,8438","15,7580","15,8996","15,7205","0,44%"
28.02.2019,"16,0162","15,8461","16,0451","15,8233","1,09%"
28.02.2019,"16,0162","15,8461","16,0451","15,8233","1,09%"
01.03.2019,"16,1876","16,0128","16,2061","15,9990","1,07%"
01.03.2019,"16,1876","16,0128","16,2061","15,9990","1,07%"
04.03.2019,"16,1223","16,1932","16,2188","16,0820","-0,40%"
04.03.2019,"16,1223","16,1932","16,2188","16,0820","-0,40%"
05.03.2019,"16,0180","16,1174","16,1414","15,9782","-0,65%"
05.03.2019,"16,0180","16,1174","16,1414","15,9782","-0,65%"
06.03.2019,"16,1326","16,0168","16,1496","16,0034","0,72%"
06.03.2019,"16,1326","16,0168","16,1496","16,0034","0,72%"
07.03.2019,"16,2369","16,1326","16,3103","16,0568","0,65%"
07.03.2019,"16,2369","16,1326","16,3103","16,0568","0,65%"
08.03.2019,"16,2305","16,2447","16,3553","16,1780","-0,04%"
08.03.2019,"16,2305","16,2447","16,3553","16,1780","-0,04%"
11.03.2019,"16,1262","16,2233","16,2472","16,0964","-0,64%"
11.03.2019,"16,1262","16,2233","16,2472","16,0964","-0,64%"
12.03.2019,"16,1953","16,1284","16,2368","16,0417","0,43%"
12.03.2019,"16,1953","16,1284","16,2368","16,0417","0,43%"
13.03.2019,"16,3382","16,1983","16,3820","16,1549","0,88%"
13.03.2019,"16,3382","16,1983","16,3820","16,1549","0,88%"
14.03.2019,"16,4348","16,3318","16,4479","16,3112","0,59%"
14.03.2019,"16,4348","16,3318","16,4479","16,3112","0,59%"
15.03.2019,"16,3253","16,4363","16,4481","16,2645","-0,67%"
15.03.2019,"16,3253","16,4363","16,4481","16,2645","-0,67%"
18.03.2019,"16,3893","16,3237","16,4420","16,2963","0,39%"
18.03.2019,"16,3893","16,3237","16,4420","16,2963","0,39%"
19.03.2019,"16,4711","16,3936","16,5096","16,2849","0,50%"
19.03.2019,"16,4711","16,3936","16,5096","16,2849","0,50%"
20.03.2019,"16,2762","16,4676","16,5052","16,1878","-1,18%"
20.03.2019,"16,2762","16,4676","16,5052","16,1878","-1,18%"
21.03.2019,"16,1681","16,2846","16,3279","16,0859","-0,66%"
21.03.2019,"16,1681","16,2846","16,3279","16,0859","-0,66%"
22.03.2019,"16,3996","16,1645","16,4473","16,1417","1,43%"
22.03.2019,"16,3996","16,1645","16,4473","16,1417","1,43%"
25.03.2019,"16,1883","16,4097","16,4293","16,1623","-1,29%"
25.03.2019,"16,1883","16,4097","16,4293","16,1623","-1,29%"
26.03.2019,"16,2428","16,1995","16,3401","16,1704","0,34%"
26.03.2019,"16,2428","16,1995","16,3401","16,1704","0,34%"
27.03.2019,"16,4175","16,2422","16,5511","16,2180","1,08%"
27.03.2019,"16,4175","16,2422","16,5511","16,2180","1,08%"
28.03.2019,"16,4003","16,4290","16,5773","16,3660","-0,10%"
28.03.2019,"16,4003","16,4290","16,5773","16,3660","-0,10%"
29.03.2019,"16,2633","16,3879","16,4316","16,1259","-0,84%"
29.03.2019,"16,2633","16,3879","16,4316","16,1259","-0,84%"
01.04.2019,"15,9072","16,2566","16,2928","15,8355","-2,19%"
01.04.2019,"15,9072","16,2566","16,2928","15,8355","-2,19%"
02.04.2019,"15,9223","15,8740","15,9894","15,7673","0,09%"
02.04.2019,"15,9223","15,8740","15,9894","15,7673","0,09%"
03.04.2019,"15,8912","15,9131","15,9593","15,8195","-0,20%"
03.04.2019,"15,8912","15,9131","15,9593","15,8195","-0,20%"
04.04.2019,"15,8497","15,8890","15,9803","15,8034","-0,26%"
04.04.2019,"15,8497","15,8890","15,9803","15,8034","-0,26%"
05.04.2019,"15,8101","15,8526","15,8947","15,7501","-0,25%"
05.04.2019,"15,8101","15,8526","15,8947","15,7501","-0,25%"
08.04.2019,"15,8871","15,7894","15,9351","15,7823","0,49%"
08.04.2019,"15,8871","15,7894","15,9351","15,7823","0,49%"
09.04.2019,"15,8688","15,8974","15,9278","15,7940","-0,12%"
09.04.2019,"15,8688","15,8974","15,9278","15,7940","-0,12%"
10.04.2019,"15,6870","15,8648","15,8802","15,6464","-1,15%"
10.04.2019,"15,6870","15,8648","15,8802","15,6464","-1,15%"
11.04.2019,"15,7599","15,6906","15,8323","15,6547","0,46%"
11.04.2019,"15,7599","15,6906","15,8323","15,6547","0,46%"
12.04.2019,"15,7746","15,7621","15,9177","15,7325","0,09%"
12.04.2019,"15,7746","15,7621","15,9177","15,7325","0,09%"
15.04.2019,"15,8847","15,7735","15,9155","15,7284","0,70%"
15.04.2019,"15,8847","15,7735","15,9155","15,7284","0,70%"
16.04.2019,"15,8326","15,8737","15,9537","15,8021","-0,33%"
16.04.2019,"15,8326","15,8737","15,9537","15,8021","-0,33%"
17.04.2019,"15,8024","15,8448","15,8801","15,7547","-0,19%"
17.04.2019,"15,8024","15,8448","15,8801","15,7547","-0,19%"
18.04.2019,"15,7875","15,7933","15,9000","15,7685","-0,09%"
18.04.2019,"15,7875","15,7933","15,9000","15,7685","-0,09%"
19.04.2019,"15,8097","15,7937","15,8443","15,7719","0,14%"
19.04.2019,"15,8097","15,7937","15,8443","15,7719","0,14%"
22.04.2019,"15,9446","15,8069","15,9729","15,7943","0,85%"
22.04.2019,"15,9446","15,8069","15,9729","15,7943","0,85%"
23.04.2019,"16,0075","15,9390","16,0782","15,9094","0,39%"
23.04.2019,"16,0075","15,9390","16,0782","15,9094","0,39%"
24.04.2019,"16,1019","16,0127","16,1646","16,0018","0,59%"
24.04.2019,"16,1019","16,0127","16,1646","16,0018","0,59%"
25.04.2019,"16,0467","16,1014","16,2114","16,0315","-0,34%"
25.04.2019,"16,0467","16,1014","16,2114","16,0315","-0,34%"
26.04.2019,"16,0330","16,0445","16,1107","15,9291","-0,09%"
26.04.2019,"16,0330","16,0445","16,1107","15,9291","-0,09%"
29.04.2019,"16,0184","16,0459","16,0587","15,9545","-0,09%"
29.04.2019,"16,0184","16,0459","16,0587","15,9545","-0,09%"
30.04.2019,"16,0379","16,0149","16,1150","16,0023","0,12%"
30.04.2019,"16,0379","16,0149","16,1150","16,0023","0,12%"
01.05.2019,"16,1852","16,0372","16,1991","16,0080","0,92%"
01.05.2019,"16,1852","16,0372","16,1991","16,0080","0,92%"
02.05.2019,"16,2347","16,1975","16,3008","16,1504","0,31%"
02.05.2019,"16,2347","16,1975","16,3008","16,1504","0,31%"
03.05.2019,"16,0761","16,2351","16,2931","16,0587","-0,98%"
03.05.2019,"16,0761","16,2351","16,2931","16,0587","-0,98%"
06.05.2019,"16,1993","16,0714","16,2765","16,0199","0,77%"
06.05.2019,"16,1993","16,0714","16,2765","16,0199","0,77%"
07.05.2019,"16,1504","16,2026","16,2760","16,1024","-0,30%"
07.05.2019,"16,1504","16,2026","16,2760","16,1024","-0,30%"
08.05.2019,"16,0807","16,1543","16,1939","16,0336","-0,43%"
08.05.2019,"16,0807","16,1543","16,1939","16,0336","-0,43%"
09.05.2019,"16,0892","16,0737","16,2537","16,0232","0,05%"
09.05.2019,"16,0892","16,0737","16,2537","16,0232","0,05%"
10.05.2019,"15,9085","16,0990","16,1529","15,8770","-1,12%"
10.05.2019,"15,9085","16,0990","16,1529","15,8770","-1,12%"
13.05.2019,"16,0905","15,9198","16,1626","15,8958","1,14%"
13.05.2019,"16,0905","15,9198","16,1626","15,8958","1,14%"
14.05.2019,"15,9691","16,0903","16,1291","15,9068","-0,75%"
14.05.2019,"15,9691","16,0903","16,1291","15,9068","-0,75%"
15.05.2019,"15,9274","15,9683","16,0194","15,8765","-0,26%"
15.05.2019,"15,9274","15,9683","16,0194","15,8765","-0,26%"
16.05.2019,"15,9669","15,9278","15,9967","15,8195","0,25%"
16.05.2019,"15,9669","15,9278","15,9967","15,8195","0,25%"
17.05.2019,"16,1141","15,9708","16,1350","15,9487","0,92%"
17.05.2019,"16,1141","15,9708","16,1350","15,9487","0,92%"
20.05.2019,"16,0687","16,0863","16,1291","16,0126","-0,28%"
20.05.2019,"16,0687","16,0863","16,1291","16,0126","-0,28%"
21.05.2019,"16,0767","16,0715","16,1622","16,0290","0,05%"
21.05.2019,"16,0767","16,0715","16,1622","16,0290","0,05%"
22.05.2019,"16,0352","16,0965","16,1377","16,0126","-0,26%"
22.05.2019,"16,0352","16,0965","16,1377","16,0126","-0,26%"
23.05.2019,"16,1920","16,0286","16,2379","16,0110","0,98%"
23.05.2019,"16,1920","16,0286","16,2379","16,0110","0,98%"
24.05.2019,"16,1345","16,1939","16,2287","16,0985","-0,36%"
24.05.2019,"16,1345","16,1939","16,2287","16,0985","-0,36%"
27.05.2019,"16,1561","16,1463","16,2250","16,1219","0,13%"
27.05.2019,"16,1561","16,1463","16,2250","16,1219","0,13%"
28.05.2019,"16,4429","16,1447","16,4830","16,1242","1,78%"
28.05.2019,"16,4429","16,1447","16,4830","16,1242","1,78%"
29.05.2019,"16,3108","16,4483","16,6276","16,2933","-0,80%"
29.05.2019,"16,3108","16,4483","16,6276","16,2933","-0,80%"
30.05.2019,"16,3952","16,3081","16,4187","16,2198","0,52%"
30.05.2019,"16,3952","16,3081","16,4187","16,2198","0,52%"
31.05.2019,"16,3112","16,3972","16,5448","16,1974","-0,51%"
31.05.2019,"16,3112","16,3972","16,5448","16,1974","-0,51%"
03.06.2019,"16,2514","16,2914","16,3463","16,1847","-0,37%"
03.06.2019,"16,2514","16,2914","16,3463","16,1847","-0,37%"
04.06.2019,"16,4955","16,2543","16,6198","16,2190","1,50%"
04.06.2019,"16,4955","16,2543","16,6198","16,2190","1,50%"
05.06.2019,"16,6941","16,4912","16,8061","16,4579","1,20%"
05.06.2019,"16,6941","16,4912","16,8061","16,4579","1,20%"
06.06.2019,"16,9108","16,7024","16,9501","16,6569","1,30%"
06.06.2019,"16,9108","16,7024","16,9501","16,6569","1,30%"
07.06.2019,"16,9468","16,9114","17,0819","16,8787","0,21%"
07.06.2019,"16,9468","16,9114","17,0819","16,8787","0,21%"
10.06.2019,"16,7730","16,9342","16,9508","16,7075","-1,03%"
10.06.2019,"16,7730","16,9342","16,9508","16,7075","-1,03%"
11.06.2019,"16,6201","16,7734","16,7856","16,5778","-0,91%"
11.06.2019,"16,6201","16,7734","16,7856","16,5778","-0,91%"
12.06.2019,"16,7941","16,6186","16,8251","16,5824","1,05%"
12.06.2019,"16,7941","16,6186","16,8251","16,5824","1,05%"
13.06.2019,"16,7628","16,7861","16,8650","16,7326","-0,19%"
13.06.2019,"16,7628","16,7861","16,8650","16,7326","-0,19%"
14.06.2019,"16,6334","16,7674","16,7932","16,5638","-0,77%"
14.06.2019,"16,6334","16,7674","16,7932","16,5638","-0,77%"
17.06.2019,"16,6163","16,6211","16,6518","16,5551","-0,10%"
17.06.2019,"16,6163","16,6211","16,6518","16,5551","-0,10%"
18.06.2019,"16,2509","16,6233","16,6573","16,2106","-2,20%"
18.06.2019,"16,2509","16,6233","16,6573","16,2106","-2,20%"
19.06.2019,"16,0800","16,2537","16,3292","16,0685","-1,05%"
19.06.2019,"16,0800","16,2537","16,3292","16,0685","-1,05%"
20.06.2019,"16,1752","16,0848","16,2410","16,0423","0,59%"
20.06.2019,"16,1752","16,0848","16,2410","16,0423","0,59%"
21.06.2019,"16,2846","16,1676","16,3393","16,1659","0,68%"
21.06.2019,"16,2846","16,1676","16,3393","16,1659","0,68%"
24.06.2019,"16,3792","16,2775","16,4030","16,2066","0,58%"
24.06.2019,"16,3792","16,2775","16,4030","16,2066","0,58%"
25.06.2019,"16,3135","16,3774","16,4030","16,2361","-0,40%"
25.06.2019,"16,3135","16,3774","16,4030","16,2361","-0,40%"
26.06.2019,"16,1746","16,3134","16,3297","16,1549","-0,85%"
26.06.2019,"16,1746","16,3134","16,3297","16,1549","-0,85%"
27.06.2019,"16,1102","16,1750","16,2038","16,0617","-0,40%"
27.06.2019,"16,1102","16,1750","16,2038","16,0617","-0,40%"
28.06.2019,"16,0099","16,1101","16,1690","15,9976","-0,62%"
28.06.2019,"16,0099","16,1101","16,1690","15,9976","-0,62%"
01.07.2019,"15,9525","16,0117","16,0601","15,9030","-0,36%"
01.07.2019,"15,9525","16,0117","16,0601","15,9030","-0,36%"
02.07.2019,"15,9118","15,9506","16,0564","15,8936","-0,26%"
02.07.2019,"15,9118","15,9506","16,0564","15,8936","-0,26%"
03.07.2019,"15,8499","15,9154","15,9750","15,8407","-0,39%"
03.07.2019,"15,8499","15,9154","15,9750","15,8407","-0,39%"
04.07.2019,"15,8385","15,8448","15,9081","15,7543","-0,07%"
04.07.2019,"15,8385","15,8448","15,9081","15,7543","-0,07%"
05.07.2019,"15,9142","15,8402","16,0267","15,8051","0,48%"
05.07.2019,"15,9142","15,8402","16,0267","15,8051","0,48%"
08.07.2019,"15,9042","15,9465","15,9894","15,8131","-0,06%"
08.07.2019,"15,9042","15,9465","15,9894","15,8131","-0,06%"
09.07.2019,"15,8924","15,9051","15,9789","15,8350","-0,07%"
09.07.2019,"15,8924","15,9051","15,9789","15,8350","-0,07%"
10.07.2019,"15,7330","15,8894","15,9594","15,7112","-1,00%"
10.07.2019,"15,7330","15,8894","15,9594","15,7112","-1,00%"
11.07.2019,"15,7207","15,7323","15,7584","15,6135","-0,08%"
11.07.2019,"15,7207","15,7323","15,7584","15,6135","-0,08%"
12.07.2019,"15,7632","15,7249","15,8085","15,6512","0,27%"
12.07.2019,"15,7632","15,7249","15,8085","15,6512","0,27%"
15.07.2019,"15,6522","15,7565","15,7706","15,6087","-0,70%"
15.07.2019,"15,6522","15,7565","15,7706","15,6087","-0,70%"
16.07.2019,"15,6398","15,6647","15,6812","15,5509","-0,08%"
16.07.2019,"15,6398","15,6647","15,6812","15,5509","-0,08%"
17.07.2019,"15,7266","15,6297","15,7336","15,6213","0,55%"
17.07.2019,"15,7266","15,6297","15,7336","15,6213","0,55%"
18.07.2019,"15,6069","15,7340","15,7785","15,5506","-0,76%"
18.07.2019,"15,6069","15,7340","15,7785","15,5506","-0,76%"
19.07.2019,"15,6445","15,5995","15,6813","15,5426","0,24%"
19.07.2019,"15,6445","15,5995","15,6813","15,5426","0,24%"
22.07.2019,"15,5434","15,6349","15,6836","15,5158","-0,65%"
22.07.2019,"15,5434","15,6349","15,6836","15,5158","-0,65%"
23.07.2019,"15,5358","15,5414","15,6099","15,4672","-0,05%"
23.07.2019,"15,5358","15,5414","15,6099","15,4672","-0,05%"
24.07.2019,"15,4590","15,5276","15,5561","15,4284","-0,49%"
24.07.2019,"15,4590","15,5276","15,5561","15,4284","-0,49%"
25.07.2019,"15,7007","15,4654","15,7513","15,4250","1,56%"
25.07.2019,"15,7007","15,4654","15,7513","15,4250","1,56%"
26.07.2019,"15,9075","15,6943","15,9339","15,6698","1,32%"
26.07.2019,"15,9075","15,6943","15,9339","15,6698","1,32%"
29.07.2019,"15,7844","15,9068","15,9349","15,7564","-0,77%"
29.07.2019,"15,7844","15,9068","15,9349","15,7564","-0,77%"
30.07.2019,"15,8486","15,7839","15,8783","15,7503","0,41%"
30.07.2019,"15,8486","15,7839","15,8783","15,7503","0,41%"
31.07.2019,"15,8890","15,8529","15,9376","15,6845","0,25%"
31.07.2019,"15,8890","15,8529","15,9376","15,6845","0,25%"
01.08.2019,"16,2547","15,8917","16,2965","15,8473","2,30%"
01.08.2019,"16,2547","15,8917","16,2965","15,8473","2,30%"
02.08.2019,"16,4286","16,2536","16,4400","16,1484","1,07%"
02.08.2019,"16,4286","16,2536","16,4400","16,1484","1,07%"
05.08.2019,"16,7111","16,4158","16,7695","16,3626","1,72%"
05.08.2019,"16,7111","16,4158","16,7695","16,3626","1,72%"
06.08.2019,"16,7193","16,7203","16,8627","16,5158","0,05%"
06.08.2019,"16,7193","16,7203","16,8627","16,5158","0,05%"
07.08.2019,"16,8734","16,7179","17,0750","16,5818","0,92%"
07.08.2019,"16,8734","16,7179","17,0750","16,5818","0,92%"
08.08.2019,"16,8012","16,8642","17,0299","16,7570","-0,43%"
08.08.2019,"16,8012","16,8642","17,0299","16,7570","-0,43%"
09.08.2019,"17,0938","16,8125","17,1666","16,7847","1,74%"
09.08.2019,"17,0938","16,8125","17,1666","16,7847","1,74%"
12.08.2019,"17,1549","17,1063","17,3370","17,0622","0,36%"
12.08.2019,"17,1549","17,1063","17,3370","17,0622","0,36%"
13.08.2019,"16,9026","17,1451","17,2811","16,8630","-1,47%"
13.08.2019,"16,9026","17,1451","17,2811","16,8630","-1,47%"
14.08.2019,"17,1741","16,9060","17,2146","16,8753","1,61%"
14.08.2019,"17,1741","16,9060","17,2146","16,8753","1,61%"
15.08.2019,"16,9703","17,1774","17,2054","16,8892","-1,19%"
15.08.2019,"16,9703","17,1774","17,2054","16,8892","-1,19%"
16.08.2019,"16,9738","16,9666","17,0140","16,7901","0,02%"
16.08.2019,"16,9738","16,9666","17,0140","16,7901","0,02%"
19.08.2019,"17,1375","16,9363","17,1939","16,8561","0,96%"
19.08.2019,"17,1375","16,9363","17,1939","16,8561","0,96%"
20.08.2019,"17,0579","17,1338","17,1616","16,9895","-0,46%"
20.08.2019,"17,0579","17,1338","17,1616","16,9895","-0,46%"
21.08.2019,"16,8226","17,0557","17,0750","16,8135","-1,38%"
21.08.2019,"16,8226","17,0557","17,0750","16,8135","-1,38%"
22.08.2019,"16,8929","16,8117","16,9183","16,7761","0,42%"
22.08.2019,"16,8929","16,8117","16,9183","16,7761","0,42%"
23.08.2019,"16,9969","16,8915","17,0626","16,7351","0,62%"
23.08.2019,"16,9969","16,8915","17,0626","16,7351","0,62%"
26.08.2019,"16,9748","16,9984","17,2482","16,8885","-0,13%"
26.08.2019,"16,9748","16,9984","17,2482","16,8885","-0,13%"
27.08.2019,"16,9771","16,9657","17,0936","16,9032","0,01%"
27.08.2019,"16,9771","16,9657","17,0936","16,9032","0,01%"
28.08.2019,"17,0727","16,9867","17,1152","16,9144","0,56%"
28.08.2019,"17,0727","16,9867","17,1152","16,9144","0,56%"
29.08.2019,"16,9308","17,0735","17,1805","16,8804","-0,83%"
29.08.2019,"16,9308","17,0735","17,1805","16,8804","-0,83%"
30.08.2019,"16,6898","16,9393","16,9770","16,6454","-1,42%"
30.08.2019,"16,6898","16,9393","16,9770","16,6454","-1,42%"
02.09.2019,"16,7259","16,6946","16,7656","16,6215","0,22%"
02.09.2019,"16,7259","16,6946","16,7656","16,6215","0,22%"
03.09.2019,"16,5679","16,7291","16,7364","16,5131","-0,94%"
03.09.2019,"16,5679","16,7291","16,7364","16,5131","-0,94%"
04.09.2019,"16,3319","16,5689","16,6287","16,2646","-1,42%"
04.09.2019,"16,3319","16,5689","16,6287","16,2646","-1,42%"
05.09.2019,"16,4245","16,3326","16,4643","16,2492","0,57%"
05.09.2019,"16,4245","16,3326","16,4643","16,2492","0,57%"
06.09.2019,"16,3321","16,4237","16,4592","16,2554","-0,56%"
06.09.2019,"16,3321","16,4237","16,4592","16,2554","-0,56%"
09.09.2019,"16,3168","16,3267","16,3549","16,1825","-0,09%"
09.09.2019,"16,3168","16,3267","16,3549","16,1825","-0,09%"
10.09.2019,"16,1755","16,3055","16,3289","16,1564","-0,87%"
10.09.2019,"16,1755","16,3055","16,3289","16,1564","-0,87%"
11.09.2019,"16,1613","16,1817","16,2471","16,1331","-0,09%"
11.09.2019,"16,1613","16,1817","16,2471","16,1331","-0,09%"
12.09.2019,"16,1526","16,1602","16,2188","15,9148","-0,05%"
12.09.2019,"16,1526","16,1602","16,2188","15,9148","-0,05%"
13.09.2019,"16,1449","16,1623","16,2072","16,0581","-0,05%"
13.09.2019,"16,1449","16,1623","16,2072","16,0581","-0,05%"
16.09.2019,"16,1313","16,1553","16,2926","16,0400","-0,08%"
16.09.2019,"16,1313","16,1553","16,2926","16,0400","-0,08%"
17.09.2019,"16,2871","16,1236","16,3676","16,1135","0,97%"
17.09.2019,"16,2871","16,1236","16,3676","16,1135","0,97%"
18.09.2019,"16,2023","16,2899","16,2954","16,1255","-0,52%"
18.09.2019,"16,2023","16,2899","16,2954","16,1255","-0,52%"
19.09.2019,"16,3621","16,2002","16,3901","16,1593","0,99%"
19.09.2019,"16,3621","16,2002","16,3901","16,1593","0,99%"
20.09.2019,"16,4463","16,3531","16,5130","16,2830","0,51%"
20.09.2019,"16,4463","16,3531","16,5130","16,2830","0,51%"
23.09.2019,"16,3821","16,4445","16,4710","16,3064","-0,39%"
23.09.2019,"16,3821","16,4445","16,4710","16,3064","-0,39%"
24.09.2019,"16,3808","16,3809","16,4637","16,3101","-0,01%"
24.09.2019,"16,3808","16,3809","16,4637","16,3101","-0,01%"
25.09.2019,"16,3992","16,3852","16,5432","16,3473","0,11%"
25.09.2019,"16,3992","16,3852","16,5432","16,3473","0,11%"
26.09.2019,"16,4056","16,3933","16,5056","16,3357","0,04%"
26.09.2019,"16,4056","16,3933","16,5056","16,3357","0,04%"
27.09.2019,"16,5795","16,4026","16,6499","16,3884","1,06%"
27.09.2019,"16,5795","16,4026","16,6499","16,3884","1,06%"
30.09.2019,"16,5031","16,5837","16,6402","16,4976","-0,46%"
30.09.2019,"16,5031","16,5837","16,6402","16,4976","-0,46%"
01.10.2019,"16,7633","16,5098","16,8106","16,4775","1,58%"
01.10.2019,"16,7633","16,5098","16,8106","16,4775","1,58%"
02.10.2019,"16,7578","16,7569","16,8265","16,6353","-0,03%"
02.10.2019,"16,7578","16,7569","16,8265","16,6353","-0,03%"
03.10.2019,"16,6104","16,7642","16,7781","16,5827","-0,88%"
03.10.2019,"16,6104","16,7642","16,7781","16,5827","-0,88%"
04.10.2019,"16,5164","16,6019","16,6731","16,4847","-0,57%"
04.10.2019,"16,5164","16,6019","16,6731","16,4847","-0,57%"
07.10.2019,"16,6562","16,5436","16,6868","16,4917","0,85%"
07.10.2019,"16,6562","16,5436","16,6868","16,4917","0,85%"
08.10.2019,"16,7514","16,6547","16,8269","16,5671","0,57%"
08.10.2019,"16,7514","16,6547","16,8269","16,5671","0,57%"
09.10.2019,"16,6483","16,7517","16,7745","16,6090","-0,62%"
09.10.2019,"16,6483","16,7517","16,7745","16,6090","-0,62%"
10.10.2019,"16,5642","16,6468","16,7522","16,5317","-0,51%"
10.10.2019,"16,5642","16,6468","16,7522","16,5317","-0,51%"
11.10.2019,"16,3483","16,5642","16,5705","16,2272","-1,30%"
11.10.2019,"16,3483","16,5642","16,5705","16,2272","-1,30%"
14.10.2019,"16,3513","16,3497","16,3850","16,2424","0,02%"
14.10.2019,"16,3513","16,3497","16,3850","16,2424","0,02%"
15.10.2019,"16,4271","16,3541","16,4412","16,2782","0,46%"
15.10.2019,"16,4271","16,3541","16,4412","16,2782","0,46%"
16.10.2019,"16,5454","16,4271","16,6192","16,3954","0,72%"
16.10.2019,"16,5454","16,4271","16,6192","16,3954","0,72%"
17.10.2019,"16,4999","16,5507","16,5775","16,4167","-0,27%"
17.10.2019,"16,4999","16,5507","16,5775","16,4167","-0,27%"
18.10.2019,"16,5224","16,5072","16,5474","16,4090","0,14%"
18.10.2019,"16,5224","16,5072","16,5474","16,4090","0,14%"
21.10.2019,"16,4526","16,4754","16,5600","16,4347","-0,42%"
21.10.2019,"16,4526","16,4754","16,5600","16,4347","-0,42%"
22.10.2019,"16,2259","16,4514","16,4850","16,2126","-1,38%"
22.10.2019,"16,2259","16,4514","16,4850","16,2126","-1,38%"
23.10.2019,"16,3000","16,2256","16,3557","16,2080","0,46%"
23.10.2019,"16,3000","16,2256","16,3557","16,2080","0,46%"
24.10.2019,"16,3251","16,2962","16,3368","16,2270","0,15%"
24.10.2019,"16,3251","16,2962","16,3368","16,2270","0,15%"
25.10.2019,"16,2132","16,3299","16,3416","16,1480","-0,69%"
25.10.2019,"16,2132","16,3299","16,3416","16,1480","-0,69%"
28.10.2019,"16,1632","16,2163","16,2503","16,1063","-0,31%"
28.10.2019,"16,1632","16,2163","16,2503","16,1063","-0,31%"
29.10.2019,"16,2534","16,1614","16,3132","16,1013","0,56%"
29.10.2019,"16,2534","16,1614","16,3132","16,1013","0,56%"
30.10.2019,"16,7217","16,2536","16,7806","16,2208","2,88%"
30.10.2019,"16,7217","16,2536","16,7806","16,2208","2,88%"
31.10.2019,"16,8401","16,7260","16,9687","16,6637","0,71%"
31.10.2019,"16,8401","16,7260","16,9687","16,6637","0,71%"
01.11.2019,"16,7860","16,8373","16,8978","16,7348","-0,32%"
01.11.2019,"16,7860","16,8373","16,8978","16,7348","-0,32%"
04.11.2019,"16,4825","16,7859","16,7904","16,4226","-1,81%"
04.11.2019,"16,4825","16,7859","16,7904","16,4226","-1,81%"
05.11.2019,"16,3366","16,4792","16,4975","16,3154","-0,89%"
05.11.2019,"16,3366","16,4792","16,4975","16,3154","-0,89%"
06.11.2019,"16,3899","16,3382","16,4864","16,3087","0,33%"
06.11.2019,"16,3899","16,3382","16,4864","16,3087","0,33%"
07.11.2019,"16,2921","16,3904","16,4310","16,1918","-0,60%"
07.11.2019,"16,2921","16,3904","16,4310","16,1918","-0,60%"
08.11.2019,"16,3763","16,2972","16,4287","16,2326","0,52%"
08.11.2019,"16,3763","16,2972","16,4287","16,2326","0,52%"
11.11.2019,"16,4246","16,3763","16,5058","16,3299","0,29%"
11.11.2019,"16,4246","16,3763","16,5058","16,3299","0,29%"
12.11.2019,"16,4508","16,4628","16,4728","16,3097","0,16%"
12.11.2019,"16,4508","16,4628","16,4728","16,3097","0,16%"
13.11.2019,"16,4139","16,4463","16,5302","16,3775","-0,22%"
13.11.2019,"16,4139","16,4463","16,5302","16,3775","-0,22%"
14.11.2019,"16,3368","16,4151","16,4826","16,2487","-0,47%"
14.11.2019,"16,3368","16,4151","16,4826","16,2487","-0,47%"
15.11.2019,"16,2616","16,3440","16,3647","16,2086","-0,46%"
15.11.2019,"16,2616","16,3440","16,3647","16,2086","-0,46%"
18.11.2019,"16,4006","16,2452","16,4216","16,2272","0,85%"
18.11.2019,"16,4006","16,2452","16,4216","16,2272","0,85%"
19.11.2019,"16,3557","16,3940","16,4336","16,2851","-0,27%"
19.11.2019,"16,3557","16,3940","16,4336","16,2851","-0,27%"
20.11.2019,"16,3651","16,3530","16,4581","16,3082","0,06%"
20.11.2019,"16,3651","16,3530","16,4581","16,3082","0,06%"
21.11.2019,"16,2401","16,3675","16,4017","16,2154","-0,76%"
21.11.2019,"16,2401","16,3675","16,4017","16,2154","-0,76%"
22.11.2019,"16,2246","16,2443","16,2992","16,1441","-0,10%"
22.11.2019,"16,2246","16,2443","16,2992","16,1441","-0,10%"
25.11.2019,"16,2752","16,1751","16,2862","16,1487","0,31%"
25.11.2019,"16,2752","16,1751","16,2862","16,1487","0,31%"
26.11.2019,"16,3109","16,2762","16,3656","16,2303","0,22%"
26.11.2019,"16,3109","16,2762","16,3656","16,2303","0,22%"
27.11.2019,"16,2306","16,3178","16,3438","16,1699","-0,49%"
27.11.2019,"16,2306","16,3178","16,3438","16,1699","-0,49%"
28.11.2019,"16,1967","16,2367","16,3152","16,1771","-0,21%"
28.11.2019,"16,1967","16,2367","16,3152","16,1771","-0,21%"
29.11.2019,"16,1438","16,1947","16,2736","16,0906","-0,33%"
29.11.2019,"16,1438","16,1947","16,2736","16,0906","-0,33%"
02.12.2019,"16,1138","16,1312","16,2142","16,0933","-0,19%"
02.12.2019,"16,1138","16,1312","16,2142","16,0933","-0,19%"
03.12.2019,"16,2234","16,1135","16,3021","16,0922","0,68%"
03.12.2019,"16,2234","16,1135","16,3021","16,0922","0,68%"
04.12.2019,"16,1680","16,2283","16,2510","16,1210","-0,34%"
04.12.2019,"16,1680","16,2283","16,2510","16,1210","-0,34%"
05.12.2019,"16,2677","16,1638","16,3160","16,1273","0,62%"
05.12.2019,"16,2677","16,1638","16,3160","16,1273","0,62%"
06.12.2019,"16,1760","16,2698","16,2988","16,1562","-0,56%"
06.12.2019,"16,1760","16,2698","16,2988","16,1562","-0,56%"
09.12.2019,"16,2335","16,1710","16,2727","16,1370","0,36%"
09.12.2019,"16,2335","16,1710","16,2727","16,1370","0,36%"
10.12.2019,"16,4082","16,2298","16,4939","16,1878","1,08%"
10.12.2019,"16,4082","16,2298","16,4939","16,1878","1,08%"
11.12.2019,"16,3352","16,4060","16,4401","16,2906","-0,44%"
11.12.2019,"16,3352","16,4060","16,4401","16,2906","-0,44%"
12.12.2019,"16,1355","16,3403","16,3960","16,1313","-1,22%"
12.12.2019,"16,1355","16,3403","16,3960","16,1313","-1,22%"
13.12.2019,"16,1505","16,1310","16,2599","16,0519","0,09%"
13.12.2019,"16,1505","16,1310","16,2599","16,0519","0,09%"
16.12.2019,"16,0133","16,1536","16,1989","15,9850","-0,85%"
16.12.2019,"16,0133","16,1536","16,1989","15,9850","-0,85%"
17.12.2019,"16,0395","16,0073","16,1130","15,9804","0,16%"
17.12.2019,"16,0395","16,0073","16,1130","15,9804","0,16%"
18.12.2019,"15,9047","16,0454","16,1178","15,8631","-0,84%"
18.12.2019,"15,9047","16,0454","16,1178","15,8631","-0,84%"
19.12.2019,"15,8161","15,8998","15,9922","15,8077","-0,56%"
19.12.2019,"15,8161","15,8998","15,9922","15,8077","-0,56%"
20.12.2019,"15,7619","15,8140","15,8682","15,6977","-0,34%"
20.12.2019,"15,7619","15,8140","15,8682","15,6977","-0,34%"
23.12.2019,"15,7586","15,7785","15,8255","15,7235","-0,02%"
23.12.2019,"15,7586","15,7785","15,8255","15,7235","-0,02%"
24.12.2019,"15,7040","15,7599","15,8079","15,6625","-0,35%"
24.12.2019,"15,7040","15,7599","15,8079","15,6625","-0,35%"
25.12.2019,"15,7055","15,7019","15,7522","15,6838","0,01%"
25.12.2019,"15,7055","15,7019","15,7522","15,6838","0,01%"
26.12.2019,"15,6810","15,7075","15,7366","15,6731","-0,16%"
26.12.2019,"15,6810","15,7075","15,7366","15,6731","-0,16%"
27.12.2019,"15,6835","15,6842","15,7324","15,5775","0,02%"
27.12.2019,"15,6835","15,6842","15,7324","15,5775","0,02%"
30.12.2019,"15,8088","15,6816","15,8293","15,6389","0,80%"
30.12.2019,"15,8088","15,6816","15,8293","15,6389","0,80%"
31.12.2019,"15,6953","15,8084","15,8502","15,6668","-0,72%"
31.12.2019,"15,6953","15,8084","15,8502","15,6668","-0,72%"
01.01.2020,"15,7074","15,6959","15,7242","15,6931","0,08%"
02.01.2020,"15,7390","15,7090","15,7832","15,6085","0,20%"
03.01.2020,"15,9800","15,7354","16,0036","15,7296","1,53%"
06.01.2020,"15,9142","15,9984","16,0512","15,8963","-0,41%"
07.01.2020,"15,9631","15,9017","16,0023","15,8096","0,31%"
08.01.2020,"15,7322","15,9602","16,1425","15,7140","-1,45%"
09.01.2020,"15,7790","15,7186","15,8390","15,6599","0,30%"
10.01.2020,"15,9800","15,7846","15,9945","15,7446","1,27%"
13.01.2020,"16,0413","15,9832","16,1089","15,8864","0,38%"
14.01.2020,"16,0338","16,0358","16,1565","15,9511","-0,05%"
15.01.2020,"16,0424","16,0359","16,0775","15,9792","0,05%"
16.01.2020,"16,0518","16,0404","16,1333","15,9983","0,06%"
17.01.2020,"16,0327","16,0517","16,0818","15,9804","-0,12%"
20.01.2020,"16,0855","16,0413","16,1712","16,0163","0,33%"
21.01.2020,"16,0724","16,1001","16,2002","16,0235","-0,08%"
22.01.2020,"15,8987","16,0624","16,0818","15,8573","-1,08%"
23.01.2020,"15,9162","15,9007","15,9660","15,8250","0,11%"
24.01.2020,"15,8689","15,9195","15,9555","15,7996","-0,30%"
27.01.2020,"16,0967","15,8577","16,1534","15,8577","1,44%"
28.01.2020,"16,0390","16,0963","16,2052","16,0128","-0,36%"
29.01.2020,"16,1159","16,0417","16,1206","15,9922","0,48%"
30.01.2020,"16,2887","16,0875","16,3856","16,0742","1,07%"
31.01.2020,"16,6528","16,2986","16,7009","16,2543","2,24%"
03.02.2020,"16,4603","16,6471","16,6714","16,4003","-1,16%"
04.02.2020,"16,3275","16,4614","16,5123","16,2425","-0,81%"
05.02.2020,"16,2544","16,3296","16,3872","16,1612","-0,45%"
06.02.2020,"16,3727","16,2140","16,4173","16,1711","0,73%"
07.02.2020,"16,4886","16,3759","16,5953","16,3320","0,71%"
10.02.2020,"16,3439","16,5183","16,5319","16,2959","-0,88%"
11.02.2020,"16,1790","16,3534","16,3748","16,1405","-1,01%"
12.02.2020,"16,1518","16,1688","16,2225","16,0809","-0,17%"
13.02.2020,"16,2118","16,1566","16,2917","16,0900","0,37%"
14.02.2020,"16,1523","16,2171","16,2356","16,0828","-0,37%"
17.02.2020,"16,2451","16,1222","16,2964","16,0930","0,57%"
18.02.2020,"16,2013","16,2386","16,3486","16,1750","-0,27%"
19.02.2020,"16,1915","16,1936","16,2451","16,1223","-0,06%"
20.02.2020,"16,3170","16,1944","16,4073","16,1913","0,78%"
21.02.2020,"16,2737","16,3170","16,4241","16,2267","-0,27%"
24.02.2020,"16,4432","16,2362","16,4899","16,2362","1,04%"
25.02.2020,"16,5584","16,4419","16,6314","16,3339","0,70%"
26.02.2020,"16,6644","16,5626","16,7282","16,3944","0,64%"
27.02.2020,"17,0324","16,6576","17,0491","16,6066","2,21%"
28.02.2020,"17,2780","17,0373","17,4249","17,0058","1,44%"
02.03.2020,"17,1309","17,2270","17,5633","17,1210","-0,85%"
03.03.2020,"17,2240","17,1369","17,4074","17,0246","0,54%"
04.03.2020,"16,9980","17,2197","17,2587","16,9588","-1,31%"
05.03.2020,"17,5683","16,9953","17,5844","16,9723","3,36%"
06.03.2020,"17,6878","17,5711","17,8769","17,4434","0,68%"
09.03.2020,"18,4255","17,6990","19,4313","17,6850","4,17%"
10.03.2020,"17,9850","18,4232","18,4709","17,8718","-2,39%"
11.03.2020,"18,2687","17,9781","18,3823","17,9646","1,58%"
12.03.2020,"18,4977","18,2742","18,6370","17,9265","1,25%"
13.03.2020,"18,0470","18,5102","18,6456","17,8366","-2,44%"
16.03.2020,"18,6808","18,0121","18,8030","17,9441","3,51%"
17.03.2020,"18,2716","18,6927","18,7130","18,1249","-2,19%"
18.03.2020,"18,7087","18,2346","18,9354","18,1887","2,39%"
19.03.2020,"18,6763","18,6605","19,1313","18,5053","-0,17%"
20.03.2020,"18,8314","18,6763","18,8689","18,4529","0,83%"
23.03.2020,"19,1248","18,7609","19,1994","18,7509","1,56%"
24.03.2020,"18,8977","19,1219","19,2928","18,7869","-1,19%"
25.03.2020,"18,8640","18,8977","19,0458","18,6551","-0,18%"
26.03.2020,"19,1089","18,8666","19,2747","18,7867","1,30%"
27.03.2020,"19,6434","19,1089","19,6811","19,0869","2,80%"
30.03.2020,"19,8164","19,6336","20,1241","19,6248","0,88%"
31.03.2020,"19,6961","19,8119","19,8522","19,4143","-0,61%"
01.04.2020,"20,0096","19,6961","20,0256","19,5152","1,59%"
02.04.2020,"20,0520","19,9888","20,2794","19,8020","0,21%"
03.04.2020,"20,5900","20,0520","20,6553","20,0217","2,68%"
06.04.2020,"20,1625","20,5844","20,9312","20,0117","-2,08%"
07.04.2020,"19,9406","20,1486","20,2623","19,7114","-1,10%"
08.04.2020,"19,7491","19,9406","20,0196","19,7041","-0,96%"
09.04.2020,"19,6960","19,7472","19,8386","19,4808","-0,27%"
10.04.2020,"19,6508","19,6978","19,7648","19,6329","-0,23%"
13.04.2020,"19,7797","19,6761","19,8652","19,6608","0,66%"
14.04.2020,"20,1134","19,7815","20,2432","19,6325","1,69%"
15.04.2020,"20,4021","20,1134","20,4896","20,0691","1,44%"
16.04.2020,"20,4603","20,4049","20,5658","20,1287","0,29%"
17.04.2020,"20,4414","20,4603","20,6064","20,2190","-0,09%"
20.04.2020,"20,4801","20,4894","20,5906","20,3153","0,19%"
21.04.2020,"20,6045","20,4783","20,7255","20,3762","0,61%"
22.04.2020,"20,5854","20,6026","20,6884","20,3415","-0,09%"
23.04.2020,"20,5650","20,5863","20,7015","20,4314","-0,10%"
24.04.2020,"20,5903","20,5963","20,6602","20,2976","0,12%"
27.04.2020,"20,3419","20,6140","20,6868","20,3111","-1,21%"
28.04.2020,"20,1992","20,3440","20,4359","20,1497","-0,70%"
29.04.2020,"19,7332","20,2010","20,2073","19,6880","-2,31%"
30.04.2020,"20,3033","19,7392","20,3566","19,5776","2,89%"
01.05.2020,"20,6577","20,3023","20,7839","20,2132","1,75%"
04.05.2020,"20,2701","20,6110","20,7470","20,2197","-1,88%"
05.05.2020,"20,0722","20,2683","20,2890","19,8472","-0,98%"
06.05.2020,"20,2290","20,0788","20,3512","19,8631","0,78%"
07.05.2020,"20,1458","20,2747","20,3384","19,9735","-0,41%"
08.05.2020,"19,8918","20,1458","20,1740","19,8345","-1,26%"
11.05.2020,"19,9113","19,9200","19,9830","19,7355","0,10%"
12.05.2020,"19,9925","19,9105","20,0389","19,7157","0,41%"
13.05.2020,"20,0107","20,0175","20,1185","19,8657","0,09%"
14.05.2020,"19,9125","20,0126","20,2484","19,8950","-0,49%"
15.05.2020,"20,0825","19,9124","20,1423","19,8284","0,85%"
18.05.2020,"20,0287","20,1516","20,1516","19,8566","-0,27%"
19.05.2020,"20,0254","20,0286","20,0641","19,8854","-0,02%"
20.05.2020,"19,6814","20,0361","20,0905","19,6462","-1,72%"
21.05.2020,"19,2586","19,6823","19,7897","19,2407","-2,15%"
22.05.2020,"19,1816","19,2568","19,5048","19,1653","-0,40%"
25.05.2020,"19,2358","19,1919","19,3169","19,0882","0,28%"
26.05.2020,"19,1084","19,2349","19,2495","19,0154","-0,66%"
27.05.2020,"19,1334","19,1110","19,2311","19,0375","0,13%"
28.05.2020,"19,3993","19,1325","19,4219","19,0627","1,39%"
29.05.2020,"19,4765","19,3993","19,6433","19,3465","0,40%"
01.06.2020,"19,3392","19,4721","19,5758","19,3078","-0,70%"
02.06.2020,"19,1720","19,3426","19,4517","19,1146","-0,86%"
03.06.2020,"19,0042","19,1868","19,2444","18,9608","-0,88%"
04.06.2020,"19,0373","19,0023","19,0394","18,9886","0,17%"
